Model info
==========
Mesh file: racecar_textured.obj (VN 517772, FN 999604)
Texture files:
  Texture.jpg

Parameterization info
=====================
Number of charts: 893
    ID    faces      perc_3D      perc_UV   resolution    n_adj
     0   120183     0.170018     0.208917  1.82298e+06       14
     1      905  0.000470927  6.66642e-05      581.701        1
     2     8943    0.0106111    0.0110652      96553.3        1
     3    27597    0.0277512    0.0292163       254937       18
     4      342  0.000165572  2.34354e-05      204.494        1
     5      344  0.000173621  5.52961e-05      482.505        1
     6    10222    0.0090648    0.0100094      87340.6       14
     7      370  0.000198108   2.8043e-05      244.699        3
     8     9571    0.0113539    0.0123239       107536        4
     9      173  8.60938e-05  1.21643e-05      106.144        3
    10     1284  0.000787141  0.000360951       3149.6        5
    11     1759   0.00103405  0.000989353      8632.94        8
    12      928  0.000576404  0.000413107      3604.71        5
    13      766  0.000509204  0.000330958      2887.89        5
    14     3715    0.0023779   0.00235822      20577.4       15
    15      570  0.000314265  0.000144162      1257.94        8
    16      100  4.65425e-05  6.58894e-06      57.4941        6
    17      908  0.000512007  0.000289885       2529.5        8
    18       91  4.55237e-05  6.43327e-06      56.1358        4
    19     1147  0.000611822  0.000280643      2448.84        5
    20     3241   0.00225081    0.0021536        18792       11
    21       88  4.56502e-05  6.46502e-06      56.4127        2
    22     1228  0.000776893  0.000598641      5223.65        7
    23     2773   0.00177233   0.00126999      11081.7        9
    24      292   0.00014972  4.76741e-05      415.997        7
    25      319  0.000162729  2.30087e-05       200.77        6
    26      391  0.000187812  8.61224e-05      751.491        5
    27      423  0.000185909  5.92168e-05      516.717        6
    28     8459   0.00895589   0.00972123      84825.9        0
    29       12  5.47936e-06  7.76303e-07       6.7739        1
    30      698  0.000370989   0.00017012      1484.44        5
    31      191  0.000107693  1.52391e-05      132.974        1
    32      603   0.00033068  0.000151629      1323.09        2
    33       49  2.00306e-05  2.84497e-06      24.8248        2
    34      185  0.000132709  1.87897e-05      163.956        3
    35      106  6.44615e-05  9.12625e-06      79.6342        4
    36      139  6.79235e-05  9.61859e-06      83.9304        2
    37    13604    0.0116597    0.0127339       111114        4
    38       13  3.43208e-06  4.79239e-07      4.18177        2
    39      171  8.38035e-05  1.18666e-05      103.546        4
    40      520  0.000280244  0.000128531      1121.54       11
    41    12023    0.0106144    0.0117208       102274        3
    42    11818    0.0111067    0.0120558       105197       19
    43      105  4.35731e-05  6.15562e-06       53.713        3
    44      138   8.0761e-05  1.14332e-05      99.7645        1
    45      261  0.000102726  1.45247e-05      126.741        2
    46      318  0.000155251   2.1988e-05      191.864        2
    47      300  0.000194973  6.21109e-05       541.97        1
    48      152  9.74586e-05  1.38215e-05      120.605        2
    49      402  0.000240083  3.40006e-05      296.684        2
    50     3654   0.00366386    0.0037805      32988.1        7
    51      107  5.52646e-05  7.82134e-06      68.2478        0
    52      306  0.000165687  5.27713e-05      460.474        2
    53      315  0.000163372  2.31356e-05      201.877        1
    54      556  0.000332433  0.000152427      1330.06        1
    55       75  3.60426e-05   5.1137e-06      44.6213        1
    56      301  0.000181896  5.79034e-05      505.256        1
    57    11758    0.0113148     0.012668       110539       24
    58     2429   0.00137373  0.000984214       8588.1       13
    59     1934   0.00106715  0.000151052      1318.06        4
    60      856  0.000457384  0.000145615      1270.61        5
    61      218  0.000141185   4.4991e-05      392.585        3
    62     1041  0.000599603  0.000462083      4032.06        9
    63      594  0.000327828  4.64063e-05      404.934        4
    64      400  0.000232065  3.28409e-05      286.565        3
    65    10481    0.0128407    0.0143767       125449        4
    66       36  1.13448e-05  1.60716e-06      14.0239        0
    67      591  0.000298188  0.000213752      1865.17        3
    68      628  0.000380047   0.00012099      1055.74        4
    69     4445   0.00713867   0.00651097      56813.7        3
    70     4711   0.00421144   0.00410743      35840.8       10
    71        3  4.28866e-07  5.90378e-08     0.515154        1
    72      273   0.00012268  5.62402e-05      490.743        1
    73     8579   0.00755529   0.00825154      72001.7       13
    74      860  0.000471613  0.000216311      1887.49        7
    75      234  0.000118189    1.672e-05      145.896        4
    76      160  9.87521e-05  1.39848e-05      122.029        0
    77      750  0.000401707  0.000127874      1115.81        4
    78      261  0.000142617  2.01603e-05      175.915        2
    79     2211   0.00126334   0.00127167      11096.4       12
    80      259  0.000177181  2.50901e-05      218.933        0
    81      485  0.000294371  4.16626e-05      363.542        3
    82      709  0.000422491  0.000134566      1174.21        5
    83      705  0.000402719  0.000128233      1118.94        3
    84      471  0.000313258  9.98008e-05      870.846        7
    85      288  0.000159669  5.08755e-05      443.932        4
    86      203  8.96158e-05  1.26847e-05      110.684        2
    87      151  9.02028e-05  1.27707e-05      111.436        2
    88      102  4.66383e-05  6.60564e-06      57.6398        1
    89       40  2.30555e-05  3.26465e-06      28.4868        2
    90      318  0.000174726  2.47238e-05      215.736        2
    91     1453   0.00104914  0.000808427      7054.21        6
    92    16121     0.018124    0.0169622       148010        4
    93      539  0.000273283  0.000125348      1093.76        3
    94      692  0.000380183  5.38019e-05      469.467        4
    95      353  0.000105801  1.49632e-05      130.566        2
    96      486  0.000211353  6.72836e-05      587.106        7
    97      804  0.000264181   8.4132e-05      734.123        4
    98     1267  0.000509609  0.000288542      2517.77        9
    99      222  0.000114237  1.61848e-05      141.226        4
   100      110  5.12091e-05  7.23299e-06       63.114        6
   101      131  6.86455e-05  9.72256e-06      84.8375        4
   102       83  2.91625e-05  4.12622e-06      36.0047        2
   103       19  8.84181e-06   1.2554e-06      10.9544        2
   104      155  9.51605e-05  1.34879e-05      117.693        3
   105      134  6.64559e-05  9.41581e-06      82.1609        3
   106      275  0.000153102  4.87408e-05      425.305        3
   107       50  2.54145e-05  3.61057e-06      31.5053        2
   108       72  3.02365e-05  4.27764e-06       37.326        2
   109      128  7.50045e-05  1.06194e-05       92.663        3
   110      139  2.50275e-05  3.54216e-06      30.9083        3
   111       13  6.44314e-06  9.07304e-07      7.91699        2
   112      174  8.16308e-05  1.15337e-05      100.641        2
   113      239  4.95942e-05  7.02704e-06      61.3169        3
   114      293  5.83144e-05  8.26232e-06      72.0957        5
   115       86  1.35489e-05  1.91445e-06      16.7052        2
   116       66  1.09429e-05  1.55192e-06      13.5418        2
   117       42  5.67191e-06  8.02907e-07      7.00605        1
   118       54  6.43002e-06  9.06737e-07      7.91204        1
   119       34   3.7003e-06  5.23636e-07      4.56917        1
   120        6  7.26797e-08  1.05767e-08    0.0922903        1
   121       10   5.2279e-07  7.29665e-08     0.636694        1
   122       16   7.3805e-07  1.03069e-07     0.899361        1
   123       12  5.48929e-07   7.9026e-08     0.689569        1
   124       29  1.83348e-06  2.61214e-07      2.27932        1
   125       41   3.3498e-06  4.71074e-07      4.11052        3
   126        6  3.47197e-07  4.97069e-08     0.433735        2
   127       30  9.35717e-06  1.33148e-06      11.6182        1
   128       88  1.18505e-05  1.67585e-06      14.6232        1
   129       86   1.0467e-05  1.48062e-06      12.9197        1
   130       29  5.52513e-06  7.83506e-07      6.83676        1
   131      112  1.65087e-05  2.32753e-06      20.3097        4
   132        8  3.67097e-07  5.02772e-08     0.438711        1
   133       52  1.04643e-05  1.47614e-06      12.8805        1
   134       16  6.29352e-06  8.86602e-07      7.73636        0
   135        5  4.09143e-07  5.76782e-08     0.503291        2
   136       55   2.4127e-05  3.41899e-06      29.8336        2
   137      324  0.000150158  2.12305e-05      185.254        4
   138       27  1.10522e-05  1.56262e-06      13.6352        1
   139        8  1.60797e-06  2.26477e-07      1.97621        2
   140       17  1.22223e-06  1.72749e-07      1.50738        1
   141       17  9.01014e-07  1.27374e-07      1.11145        1
   142       36  3.81768e-06  5.34678e-07      4.66552        1
   143       17  9.26472e-07  1.29984e-07      1.13422        1
   144        5  2.01756e-08  2.69279e-09    0.0234969        1
   145        5  2.45041e-08  3.45938e-09     0.030186        1
   146       31   1.3074e-05    1.845e-06      16.0992        1
   147       61  2.87229e-05  4.05422e-06      35.3765        2
   148       92  3.64414e-05  5.16149e-06      45.0384        2
   149       12  9.37388e-07   1.3132e-07      1.14588        2
   150        6  9.83515e-09  9.57086e-10   0.00835139        1
   151        6  2.49707e-08  3.46339e-09     0.030221        1
   152        4  7.04937e-08  1.05784e-08    0.0923053        1
   153      624  0.000371059  0.000210045      1832.82        4
   154       86  3.84099e-05  5.42857e-06      47.3689        2
   155        5  4.44864e-07  6.35599e-08     0.554614        2
   156       11  1.45223e-06  2.07548e-07      1.81103        2
   157        7  2.82622e-07  3.82637e-08     0.333883        2
   158        7  3.33847e-07  4.72102e-08     0.411949        2
   159      232  0.000101096  1.43007e-05      124.786        3
   160       21  2.01559e-06  2.84535e-07      2.48281        2
   161       24  8.69627e-06  1.23432e-06      10.7705        1
   162     3713   0.00356299   0.00375126      32732.9       14
   163       51  2.41726e-05  3.42201e-06        29.86        1
   164       25  5.25895e-06  7.43799e-07      6.49028        1
   165       17  1.78174e-06  2.50827e-07      2.18867        1
   166       19  1.47473e-06  2.07956e-07      1.81459        1
   167       64  1.18572e-05  1.69081e-06      14.7538        1
   168       86  1.42739e-05  2.02085e-06      17.6336        2
   169       33  3.86056e-06  5.44416e-07      4.75049        2
   170       10  6.67054e-07  9.70984e-08     0.847266        1
   171       18  1.25977e-06   1.8047e-07      1.57475        1
   172        8   5.5265e-07  7.92129e-08       0.6912        1
   173        4  7.26789e-08  1.06753e-08    0.0931515        1
   174       12  8.39561e-07  1.18345e-07      1.03266        1
   175     8062   0.00794845   0.00788305      68786.3        2
   176       12  5.80916e-07  8.08555e-08     0.705532        1
   177       10  6.59091e-07   9.2294e-08     0.805344        2
   178        5  4.85808e-07  7.01841e-08     0.612416        2
   179       27   1.6623e-06  2.32545e-07      2.02916        1
   180       13  8.63051e-07  1.23152e-07      1.07461        1
   181       43  1.59222e-05  2.24862e-06      19.6211        1
   182       11  4.94735e-07  7.01675e-08      0.61227        1
   183       11   4.8031e-07   6.9985e-08     0.610678        1
   184    16149    0.0137371    0.0145882       127294       16
   185     4496   0.00473714   0.00339428        29618        3
   186     7115   0.00787751   0.00737259      64332.1        3
   187    22510    0.0275262    0.0294642       257100        6
   188       12  7.94279e-07   1.1161e-07     0.973888        1
   189       12  4.37354e-07  6.48955e-08     0.566268        1
   190        8  9.28908e-08  1.22102e-08     0.106545        1
   191        8  9.18012e-08  1.36533e-08     0.119137        1
   192       10  5.27783e-07  7.47037e-08     0.651853        2
   193       17  2.84444e-06  4.01269e-07      3.50142        2
   194       89  2.43088e-05   3.4441e-06      30.0527        3
   195     4184   0.00320019   0.00317394      27695.3        7
   196      664   0.00034451  0.000109729      957.481        1
   197      608   0.00033485   4.7393e-05      413.544        1
   198     6951    0.0101295    0.0107571      93864.5        1
   199        4  2.82151e-09            0            0        2
   200      690  0.000315776   0.00010059      877.729        1
   201        8  3.89246e-07   5.3349e-08     0.465515        1
   202        4   9.1666e-09  1.91933e-09    0.0167478        1
   203      833  0.000451788   6.3979e-05      558.271        2
   204      470  0.000228279  3.23022e-05      281.864        4
   205      103  6.17688e-05  8.76179e-06       76.454        2
   206    10650    0.0118242    0.0128344       111991       23
   207      341  0.000172113  5.48177e-05      478.331        5
   208      439  0.000231545  7.37581e-05      643.602        2
   209      411  0.000269439  0.000123526      1077.87        4
   210      580  0.000365645  0.000167702      1463.34        1
   211     1163  0.000684172  0.000387395      3380.34        5
   212       50  2.70204e-05  3.81793e-06      33.3146        1
   213      216  0.000123721  1.75057e-05      152.752        3
   214      441  0.000250323  3.54264e-05      309.126        2
   215      576  0.000297792  0.000136627      1192.18        6
   216      102  4.97378e-05  7.03018e-06      61.3442        2
   217      506  0.000270612  0.000124131      1083.15        4
   218      255  0.000101083  1.43097e-05      124.865        3
   219      300  0.000141478  2.00306e-05      174.784        5
   220     1906   0.00129623    0.0012133      10587.1        6
   221     1568   0.00137464   0.00112067      9778.82       11
   222     2292   0.00162362   0.00116337      10151.4       11
   223      398  0.000201609  6.42099e-05      560.286        5
   224      223  0.000131421  4.18608e-05      365.271        6
   225      265  0.000162324   2.2967e-05      200.407        4
   226      359   0.00020931  6.66656e-05      581.714        6
   227     7651    0.0100051    0.0111028      96881.3        8
   228       42   1.8858e-05  2.66194e-06      23.2277        2
   229      537  0.000316843   0.00014527       1267.6        6
   230    18748    0.0245524    0.0260738       227516       30
   231      141  5.55341e-05  7.85805e-06      68.5681        2
   232     2275   0.00199982   0.00182408      15916.7        4
   233       82  3.31941e-05  4.69068e-06      40.9301        2
   234      908   0.00051318  0.000290634      2536.03        3
   235      213  0.000134022  1.89715e-05      165.542        2
   236      351  0.000182754  2.58684e-05      225.724        6
   237       48   1.8893e-05  2.66614e-06      23.2643        1
   238       71  3.07526e-05  4.35662e-06      38.0152        1
   239      171  8.31302e-05  1.17598e-05      102.615        1
   240      326  0.000173298  5.51872e-05      481.555        1
   241      593  0.000371023  0.000210007      1832.49        4
   242      955   0.00063763  0.000414456      3616.48       11
   243      239  0.000123027  1.74226e-05      152.027        1
   244       67  3.48847e-05  4.93781e-06      43.0866        1
   245      257  0.000167253  5.32768e-05      464.885        1
   246        8  1.27459e-06  1.78139e-07      1.55441        1
   247       42  1.70223e-05  2.41311e-06      21.0564        1
   248      126  4.92415e-05  6.96064e-06      60.7375        1
   249       11  1.48176e-06  2.11015e-07      1.84128        0
   250       13  5.75697e-06   8.1409e-07      7.10363        0
   251      272   0.00013036   1.8443e-05      160.931        0
   252    18438    0.0219308    0.0246534       215122        6
   253    23767    0.0345872    0.0367305       320505       16
   254     1321  0.000622614  0.000285564      2491.79        8
   255      401  0.000179134  5.70387e-05      497.711        2
   256    16102    0.0145753    0.0132934       115997       12
   257       75  3.25199e-05  4.60486e-06      40.1813        1
   258      218  0.000122936  1.73917e-05      151.757        2
   259       79  4.18466e-05  5.91879e-06      51.6464        3
   260       93   3.8877e-05  5.51332e-06      48.1084        1
   261      253  0.000136033  1.92581e-05      168.043        3
   262    14160    0.0155522    0.0148809       129848        6
   263       90  3.89251e-05  5.51476e-06      48.1209        2
   264      318  0.000157452  2.23011e-05      194.596        2
   265      256  0.000105609  1.49596e-05      130.535        6
   266       34  2.43467e-06  3.42233e-07      2.98627        1
   267      201   8.6185e-05  1.21924e-05      106.389        3
   268      271   9.3576e-05  1.32443e-05      115.568        5
   269      286  0.000141896  2.01031e-05      175.417        4
   270      183  9.50162e-05  1.34409e-05      117.283        3
   271      237  0.000112118  1.58635e-05      138.423        4
   272        5  1.90212e-07  2.59574e-08       0.2265        1
   273        5  7.47218e-08  1.16353e-08     0.101528        1
   274       25  8.83989e-06   1.2534e-06       10.937        1
   275       19  6.68421e-06  9.47873e-07      8.27099        1
   276      224  0.000118393  1.67631e-05      146.272        2
   277       64  4.72624e-05  6.68416e-06       58.325        3
   278      136  6.45482e-05  9.12775e-06      79.6473        5
   279       15  3.83136e-06  5.39837e-07      4.71053        0
   280       64  3.02533e-05  4.28752e-06      37.4123        3
   281       90  4.18459e-05  5.91177e-06      51.5852        2
   282       17  3.40043e-06  4.84063e-07      4.22386        1
   283        8  6.48793e-07  9.06559e-08     0.791049        1
   284        8  3.79075e-07  5.30575e-08     0.462971        1
   285       40  2.24819e-05  3.18668e-06      27.8065        3
   286      263  0.000119166  1.68658e-05      147.169        8
   287       38  8.78883e-06  1.24785e-06      10.8886        3
   288       73  3.53797e-05  4.99922e-06      43.6224        2
   289       42  1.00689e-05  1.42204e-06      12.4085        2
   290       26  7.28602e-06   1.0347e-06      9.02862        3
   291       20   4.9928e-06  7.12003e-07      6.21283        1
   292     4300   0.00355936   0.00255047        22255        9
   293       13  3.52239e-06  4.92979e-07      4.30166        1
   294       13   3.7781e-06  5.32776e-07      4.64892        1
   295       95  5.73086e-05   8.0992e-06      70.6723        5
   296       63  3.06063e-05  4.34641e-06      37.9261        2
   297      113  4.90399e-05  6.94558e-06       60.606        1
   298      506  0.000344877  0.000158157      1380.05        6
   299      372  0.000246473  7.85043e-05      685.017        8
   300       51  2.43432e-05  3.44786e-06      30.0855        2
   301       11  4.62516e-06  6.53823e-07      5.70516        2
   302       86  3.91598e-05  5.55188e-06      48.4448        7
   303        2  4.29671e-07   6.2486e-08     0.545243        1
   304       14  2.76211e-06  3.91076e-07      3.41247        1
   305       15  3.17283e-06  4.47325e-07      3.90329        1
   306       39  1.41376e-05  2.00346e-06      17.4819        3
   307      433  0.000238151  7.58339e-05      661.714        6
   308      325  0.000159256  5.06861e-05       442.28        4
   309      101  4.65478e-05  6.60604e-06      57.6433        3
   310       30  6.33211e-06  8.99032e-07      7.84481        2
   311       52  2.37761e-05  3.36541e-06       29.366        2
   312      508  0.000338383  0.000155179      1354.06        6
   313      550  0.000408675  0.000231418      2019.32        1
   314        6  1.90479e-06  2.73514e-07      2.38664        1
   315       30   1.9488e-06  2.76202e-07       2.4101        1
   316    11049    0.0106921    0.0116773       101895       18
   317       13  2.34341e-06  3.32626e-07      2.90244        1
   318       25  3.57407e-06  5.07586e-07      4.42912        1
   319       45  1.42467e-05   2.0157e-06      17.5887        1
   320       52  2.32862e-05  3.28801e-06      28.6907        1
   321        5  7.23564e-07  1.04294e-07     0.910056        2
   322       50  2.51552e-05  3.56745e-06       31.129        2
   323       23  4.03879e-06  5.68807e-07      4.96333        3
   324    10087   0.00957758   0.00873542      76223.9       11
   325      119  6.12184e-05  8.65303e-06       75.505        3
   326       13  2.40378e-06  3.34467e-07       2.9185        2
   327       15  3.22234e-06  4.55309e-07      3.97296        1
   328       22  6.49098e-06    9.188e-07       8.0173        2
   329       14  1.88697e-06  2.66121e-07      2.32213        1
   330       14  1.57777e-06   2.2119e-07      1.93007        1
   331       23   7.8348e-06  1.10556e-06      9.64698        5
   332       20  4.58887e-06   6.4588e-07      5.63585        1
   333       11  2.87833e-06  4.05695e-07      3.54003        1
   334        7  1.57722e-06   2.2064e-07      1.92527        2
   335       10  3.87001e-06  5.45378e-07      4.75889        2
   336       37  2.98507e-06  4.23865e-07      3.69858        2
   337       19  1.55289e-06   2.1814e-07      1.90345        2
   338       19  6.17319e-06  8.80805e-07      7.68577        2
   339      292  0.000158001  5.03274e-05       439.15        5
   340       19  4.76645e-06  6.79101e-07      5.92573        4
   341        6   6.1653e-07  8.83444e-08     0.770879        1
   342       10  8.76216e-07  1.23244e-07      1.07541        1
   343       50  2.36876e-05  3.33228e-06       29.077        2
   344     1083  0.000628451  0.000200164       1746.6        6
   345    24799    0.0338535    0.0396063       345599        6
   346    14798    0.0175322    0.0164087       143180        1
   347    16616    0.0161567    0.0179292       156447       18
   348      234  0.000142751  2.02536e-05       176.73        5
   349     1673   0.00128424   0.00109511      9555.72        7
   350     3360   0.00354726   0.00289211      25236.1        4
   351      416  0.000248642  3.51828e-05          307        3
   352       66  3.41629e-05  4.81347e-06      42.0016        3
   353     4005   0.00310843    0.0032074      27987.3        7
   354     1696   0.00101772  0.000952544      8311.75        9
   355     1500   0.00169038  0.000538356      4697.61        3
   356     5549    0.0060601   0.00643555      56155.6       12
   357     2695   0.00200665    0.0020707      18068.6       11
   358     2358   0.00184457   0.00132174      11533.3       12
   359     1170  0.000675157  0.000382233      3335.31        8
   360       89  4.50491e-05  6.37982e-06      55.6693        0
   361     3416   0.00236021    0.0024611      21475.2       11
   362     1846   0.00116055  0.000989541      8634.59       12
   363    13468     0.016425    0.0160194       139783        8
   364      981   0.00071137  0.000226525      1976.62        5
   365      629  0.000439146  0.000285447      2490.76        4
   366     2339   0.00142049  0.000201103      1754.79        5
   367      723  0.000416678  0.000132727      1158.16        4
   368      117  5.96057e-05  8.43804e-06      73.6291        1
   369     1171    0.0006872  0.000446643      3897.34        6
   370      198  0.000148194  2.09914e-05      183.168        4
   371    16389    0.0173009    0.0187794       163866       12
   372    36940    0.0376131    0.0424436       370356       29
   373     2962   0.00332144   0.00215862      18835.8        8
   374       53  1.92998e-05  2.72231e-06      23.7544        1
   375     2152   0.00200723   0.00177566      15494.2       11
   376      913  0.000539926  7.64174e-05      666.806        3
   377      457  0.000283962  0.000130304      1137.01        3
   378      397  0.000248812  7.92321e-05      691.367        5
   379      486  0.000297266  4.20774e-05      367.161        3
   380      468  0.000290502    0.0001332      1162.28        4
   381      224  0.000141968  2.00957e-05      175.352        2
   382     6133   0.00501794   0.00505054      44070.2        8
   383      289  0.000142066  2.00841e-05      175.251        3
   384      192  9.50806e-05  1.34395e-05      117.271        2
   385      205  0.000129789  1.83804e-05      160.384        2
   386       36  1.30359e-05  1.85862e-06       16.218        1
   387       24  8.15536e-06   1.1543e-06      10.0722        1
   388     1553   0.00107945  0.000343675      2998.85        6
   389      321  0.000156843  2.22116e-05      193.815        2
   390       54  2.66675e-05  3.78979e-06      33.0691        4
   391       31  1.25471e-05  1.79111e-06       15.629        1
   392     3292   0.00257972   0.00210312      18351.5       13
   393      133  6.62431e-05  9.37208e-06      81.7793        1
   394      109   7.7147e-05  1.09149e-05      95.2417        2
   395      256  0.000146734  2.07868e-05      181.382        2
   396     2544   0.00191971   0.00179673        15678        8
   397       61  1.74681e-05  2.46733e-06      21.5295        2
   398      715  0.000490304   0.00027761      2422.38        5
   399       55  2.31574e-05  3.27794e-06      28.6028        1
   400       21  7.32444e-06  1.04221e-06      9.09413        0
   401      428   0.00022679  3.21128e-05      280.211        5
   402       37  2.37647e-05  3.36043e-06      29.3226        0
   403       81  2.50645e-05  3.56017e-06      31.0655        5
   404     2128   0.00149634  0.000847175      7392.32        5
   405       56  2.75116e-05  3.88569e-06      33.9059        2
   406     4181   0.00503084   0.00230702      20130.7        5
   407     1779   0.00155621   0.00126877      11071.1       19
   408      280  0.000208931  2.95997e-05      258.283        3
   409      948  0.000838827  0.000545189      4757.24        2
   410      372  0.000224331   3.1733e-05      276.897        4
   411       27  1.02998e-05  1.45723e-06      12.7156        2
   412       86  2.27777e-05  3.22025e-06      28.0994        1
   413      107  4.96492e-05  7.00987e-06      61.1671        4
   414       91  2.78757e-05  3.94616e-06      34.4336        3
   415       49  1.84684e-05    2.612e-06      22.7919        2
   416      154  5.98865e-05  8.46709e-06      73.8825        4
   417        7  3.15192e-06  4.49658e-07      3.92364        2
   418       14  6.36252e-06  9.01628e-07      7.86747        2
   419     6884   0.00623228   0.00661856      57752.5       18
   420        4  1.06912e-07  1.49926e-08     0.130823        2
   421      688  0.000271049  3.83464e-05      334.605        5
   422       10  5.40422e-06  7.59277e-07      6.62534        0
   423       51  1.51846e-05  2.14315e-06      18.7008        2
   424      239  0.000159413  2.25715e-05      196.956        1
   425       50  1.81712e-05  2.57285e-06      22.4503        2
   426       54  2.84007e-05  4.01911e-06      35.0701        2
   427       61  1.90484e-05  2.68816e-06      23.4565        4
   428       24   7.0431e-06  9.91339e-07      8.65027        4
   429       66  2.81315e-05  3.97144e-06      34.6542        1
   430      178  9.58381e-05  1.35826e-05       118.52        4
   431     2911   0.00279661   0.00261745      22839.5       15
   432      789  0.000553172  0.000359523      3137.14        5
   433     1226    0.0013106  0.000741923      6473.91        5
   434       20  6.61526e-06  9.34252e-07      8.15214        2
   435       11  3.77462e-06  5.35615e-07       4.6737        2
   436       77  2.27196e-05  3.21567e-06      28.0594        6
   437      140  4.28988e-05    6.087e-06      53.1142        5
   438       10  1.07422e-06  1.56894e-07      1.36903        3
   439      105  4.38266e-05  6.20548e-06      54.1481        5
   440       22  7.01945e-06  9.98456e-07      8.71237        2
   441       17  7.47939e-06  1.06065e-06      9.25511        1
   442      225  0.000103128  1.46108e-05      127.492        6
   443        8  5.30222e-07  7.70952e-08     0.672721        2
   444       23  7.92543e-06  1.12191e-06      9.78959        3
   445        9  7.46378e-07  1.05753e-07     0.922783        3
   446      106  5.31958e-05  7.51747e-06      65.5963        3
   447      125  0.000101741  1.44044e-05      125.691        2
   448       42  1.01116e-05  1.42933e-06      12.4721        1
   449       34  1.02152e-05  1.44816e-06      12.6364        1
   450      122  5.72547e-05   8.1038e-06      70.7125        5
   451       33  4.36303e-06  6.19498e-07      5.40565        2
   452       26  8.81089e-06  1.24539e-06      10.8671        1
   453       10  7.53551e-07  1.09988e-07     0.959738        3
   454       21  2.74339e-06  3.87406e-07      3.38045        2
   455       30  3.68292e-06  5.19031e-07      4.52898        3
   456      910  0.000601249  0.000275734      2406.01        4
   457       35    7.721e-06  1.09556e-06      9.55966        1
   458       41  6.91321e-06  9.79421e-07      8.54627        1
   459        8  5.19612e-07  7.34434e-08     0.640856        1
   460        8  5.37181e-07  7.34429e-08     0.640851        1
   461       86  5.18906e-05  7.34309e-06      64.0747        3
   462       34  1.18682e-05  1.67767e-06      14.6391        2
   463       12  1.55152e-07  2.27833e-08     0.198804        1
   464       15  2.16553e-06  3.05041e-07      2.66174        1
   465       17  1.65488e-06  2.32931e-07      2.03252        2
   466      115  0.000104463  1.47784e-05      128.954        2
   467      127  7.16059e-05  1.01155e-05      88.2662        3
   468       13   1.5289e-06  2.15249e-07      1.87823        2
   469        7  1.69353e-06  2.45064e-07      2.13839        2
   470     1666  0.000791926  0.000514703      4491.22       16
   471      989  0.000452839   0.00020769      1812.27       11
   472      356  0.000221764  3.13872e-05       273.88        0
   473      277  0.000152289  4.85119e-05      423.307        4
   474     3347   0.00246719   0.00251606      21954.7        9
   475      108  4.74551e-05  6.72601e-06      58.6901        1
   476      544  0.000297854  9.48897e-05      827.993        3
   477      237  0.000121442  1.71846e-05       149.95        2
   478      869  0.000392002   0.00025483       2223.6        6
   479    23456    0.0231027    0.0253757       221425       18
   480      194  8.65094e-05  2.75427e-05      240.334        2
   481     1209  0.000735275  0.000477851      4169.65        9
   482     4393   0.00374278   0.00358135      31250.3       17
   483      539  0.000240878  0.000185606      1619.57        3
   484     1505   0.00103427  0.000915035      7984.46       10
   485      933  0.000492489  6.97227e-05       608.39        3
   486      111   5.0593e-05  7.17234e-06      62.5847        1
   487       13  3.17128e-06  4.44763e-07      3.88093        3
   488       12  3.65892e-06  5.12898e-07      4.47547        3
   489      215  0.000163366  5.20365e-05      454.062        6
   490     4518   0.00381478   0.00337458        29446        8
   491       72  3.52654e-05  4.98531e-06      43.5011        1
   492      100   4.0222e-05  5.68803e-06      49.6329        1
   493      472  0.000313749   4.4406e-05       387.48        6
   494      560  0.000355171  0.000162888      1421.34        4
   495      114  6.23596e-05  8.83362e-06      77.0808        2
   496       50  2.16802e-05  3.06635e-06      26.7565        1
   497      282  0.000151515  2.14563e-05      187.224        4
   498    12765    0.0158513    0.0175901       153489        7
   499      620  0.000371664  0.000118324      1032.47        4
   500      114  5.11951e-05  7.24063e-06      63.1806        1
   501      823  0.000558244  0.000362858      3166.24        5
   502       28   7.5551e-06  1.07729e-06      9.40024        2
   503       30  9.11638e-06  1.28252e-06       11.191        3
   504       20  6.69036e-06  9.44839e-07      8.24452        1
   505      381  0.000226107  7.20347e-05      628.564        1
   506       88   3.9592e-05   5.5942e-06      48.8141        1
   507      195  0.000157091  2.22456e-05      194.112        1
   508       92  4.05388e-05  5.74359e-06      50.1177        1
   509      665  0.000366556  0.000207526      1810.84        9
   510     1325  0.000919296  0.000658718      5747.87        5
   511      117  4.68346e-05  6.64084e-06       57.947        1
   512      703  0.000483512  0.000273699      2388.26        6
   513       53  1.67713e-05  2.37943e-06      20.7626        2
   514       12  2.42483e-06  3.39182e-07      2.95965        2
   515       30  5.33387e-06  7.61195e-07      6.64207        2
   516     1109  0.000928454  0.000525697      4587.15        4
   517      441  0.000162849  2.30322e-05      200.975        7
   518      122  5.93356e-05  8.40102e-06       73.306        3
   519      124  5.58699e-05   7.9082e-06      69.0057        1
   520      319  0.000256052  8.15188e-05      711.321        2
   521      102  7.72852e-05  1.09538e-05      95.5815        2
   522       42  1.71724e-05  2.42144e-06      21.1291        1
   523       50  1.97134e-05  2.79696e-06      24.4059        2
   524      200  6.86035e-05  9.70257e-06      84.6631        3
   525       85  3.81333e-05  5.41061e-06      47.2121        5
   526        7  5.32946e-07   7.4119e-08     0.646751        2
   527        8  2.18445e-06  3.04275e-07      2.65506        1
   528       78  3.17274e-05  4.50324e-06      39.2945        2
   529      148  6.93715e-05  2.21003e-05      192.844        2
   530        8  2.01446e-06  2.83034e-07      2.46971        1
   531       27  2.97697e-06  4.19328e-07      3.65899        1
   532       22  8.17543e-06  1.16694e-06      10.1826        3
   533        8  2.55118e-06  3.63695e-07      3.17355        1
   534       16  3.67257e-06  5.13708e-07      4.48253        2
   535      128  5.64945e-05  8.00768e-06      69.8737        2
   536      181  6.34188e-05  8.97499e-06      78.3143        3
   537       59  2.73112e-05  3.86945e-06      33.7643        1
   538      226   0.00012587  1.78235e-05      155.525        3
   539       31  5.37136e-06  7.65814e-07      6.68238        5
   540      270  0.000116591  1.65238e-05      144.184        8
   541      460  0.000313162  9.97011e-05      869.976       12
   542       20  6.29144e-06  8.90566e-07      7.77094        1
   543       13  1.58543e-06  2.18329e-07      1.90511        2
   544        2    6.034e-08  8.84669e-09    0.0771948        3
   545        9  7.15209e-07  9.78635e-08     0.853942        3
   546       80  1.12935e-05  1.59468e-06      13.9149        6
   547       50  2.47494e-05  3.49531e-06      30.4996        1
   548       15  2.78511e-06  3.93309e-07      3.43196        2
   549       31  1.27088e-05  1.80549e-06      15.7544        1
   550       13  9.43785e-07  1.32176e-07      1.15334        4
   551        2   8.1497e-08  1.10638e-08     0.096541        4
   552        6  1.73399e-06  2.45374e-07       2.1411        1
   553       11  2.61835e-06  3.75248e-07      3.27436        2
   554       11  1.91054e-06  2.72716e-07      2.37968        2
   555        8    5.558e-07  7.91213e-08       0.6904        2
   556        3  2.27013e-07  3.09433e-08     0.270007        2
   557        9  6.37296e-07   9.1696e-08     0.800126        1
   558       13  1.11321e-06  1.54785e-07      1.35063        1
   559       13  3.90754e-06  5.56551e-07      4.85637        2
   560        6   4.3905e-07   6.1146e-08      0.53355        3
   561       11   1.0066e-06  1.43545e-07      1.25255        3
   562       10  9.88063e-07  1.37948e-07      1.20371        3
   563       18  2.29378e-06  3.28119e-07      2.86311        1
   564        6  1.03684e-06   1.4739e-07      1.28611        1
   565        4   4.7202e-07  6.67102e-08     0.582103        1
   566        3   2.3465e-07  3.23978e-08     0.282698        2
   567        8  2.18715e-07  3.29744e-08     0.287729        2
   568        5  3.72604e-07  5.17224e-08     0.451321        2
   569      297  0.000155277  2.19801e-05      191.795        3
   570     8901    0.0114553    0.0126495       110378        2
   571      444  0.000233137  0.000206228      1799.51        1
   572      356  0.000144691  2.04702e-05       178.62        6
   573     3923   0.00184051    0.0014183      12375.8       19
   574      168   6.3162e-05   8.9508e-06      78.1033        5
   575       95   2.7315e-05  3.86963e-06      33.7658        3
   576      409  0.000203702  6.48357e-05      565.746        5
   577      184  6.27685e-05  8.87763e-06      77.4648        6
   578      115   6.1562e-05  8.71292e-06      76.0276        1
   579      110  6.35893e-05  8.98912e-06      78.4376        1
   580       86  4.47445e-05  6.31559e-06      55.1089        1
   581     2490   0.00183684   0.00162486      14178.3        4
   582     3069   0.00229548   0.00227638      19863.3       10
   583      238  0.000171763  2.43147e-05      212.166        2
   584       24  1.07173e-05  1.52084e-06      13.2706        1
   585      158  7.13089e-05  1.00741e-05      87.9049        1
   586       27  1.12366e-05  1.59459e-06      13.9141        2
   587      494  0.000313181  9.97403e-05      870.318        3
   588      309  0.000192691  6.13465e-05        535.3        4
   589      108  4.48286e-05  6.33757e-06      55.3007        1
   590      237  0.000146458  4.66038e-05      406.657        3
   591       66  3.44659e-05   4.8836e-06      42.6136        2
   592     3511    0.0028825   0.00281131      24531.1       11
   593      219   0.00011468  1.62079e-05      141.428        2
   594      931   0.00084554  0.000651545      5685.28        4
   595        4  4.66991e-07  6.82375e-08      0.59543        1
   596     1545   0.00110834   0.00050823      4434.74        7
   597      299  0.000107985   1.5279e-05      133.322        4
   598       95  4.46291e-05  6.32252e-06      55.1694        2
   599    11707    0.0135927     0.015393       134317       10
   600       40  2.38983e-05  3.39229e-06      29.6006        2
   601     3055   0.00253686   0.00231383      20190.2        5
   602      115  5.87006e-05    8.298e-06      72.4071        3
   603       68  3.86432e-05  5.46981e-06      47.7287        1
   604       79  4.16174e-05  5.89735e-06      51.4594        2
   605       59  3.02729e-05  4.28388e-06      37.3805        2
   606       18  4.36767e-06  6.19997e-07         5.41        1
   607      138  5.01087e-05  7.08442e-06      61.8176        4
   608        5  5.48603e-08  8.74628e-09    0.0763187        1
   609        5  3.78131e-08  4.61327e-09    0.0402547        1
   610      185  0.000146969  2.07991e-05       181.49        3
   611       36  1.78319e-05  2.52883e-06      22.0662        2
   612       40  1.02328e-05  1.45863e-06      12.7278        2
   613       89  4.47525e-05  6.33427e-06      55.2719        2
   614        6  3.96558e-07  5.71064e-08     0.498302        1
   615        8  6.27244e-07  9.08435e-08     0.792687        1
   616       77  1.25038e-05  1.77291e-06      15.4701        4
   617       49  2.38761e-05  3.38262e-06      29.5163        1
   618        7  5.43096e-07  7.57635e-08     0.661101        1
   619        9  6.24893e-07  8.74055e-08     0.762687        1
   620       71  3.50722e-05  4.95723e-06       43.256        2
   621       19  4.50193e-06  6.39611e-07      5.58115        2
   622       44   3.8782e-06  5.45404e-07      4.75911        3
   623        4  4.50766e-07   6.3552e-08     0.554545        2
   624       38  9.48159e-06  1.33915e-06      11.6852        2
   625       91  4.26993e-05  6.04358e-06      52.7354        2
   626       55    2.766e-05   3.9192e-06      34.1983        2
   627       16   3.0265e-06  4.23481e-07      3.69523        2
   628        8   4.9516e-07  7.26772e-08      0.63417        1
   629        8  5.15495e-07  7.39355e-08     0.645149        1
   630       16  4.36086e-06  6.12873e-07      5.34783        2
   631       11  3.44418e-07  4.86439e-08     0.424459        1
   632        9  4.24703e-07  6.08727e-08     0.531166        1
   633        4  2.26332e-07  3.11499e-08     0.271809        1
   634        8  5.42647e-07  7.82443e-08     0.682747        1
   635       22  4.60308e-06  6.47073e-07      5.64626        1
   636        9  5.47716e-07  7.76788e-08     0.677813        1
   637        9  7.47266e-07   1.0537e-07      0.91944        1
   638      399  0.000202232  2.86344e-05      249.859        4
   639        8  2.25331e-06  3.25158e-07      2.83728        2
   640       14  5.77875e-07  8.00716e-08     0.698693        1
   641        8   5.2038e-07  7.42106e-08      0.64755        1
   642       49  2.18088e-05  3.08647e-06      26.9321        2
   643     1449  0.000889171  0.000685293      5979.76       11
   644       15  4.81158e-07  6.51732e-08     0.568691        1
   645       17  1.07747e-06  1.52469e-07      1.33042        1
   646        8  4.52442e-07  6.49853e-08     0.567052        1
   647        8   3.4747e-07  4.65303e-08     0.406016        1
   648      800  0.000464201  0.000301748      2633.01        6
   649      611  0.000352483  0.000199604      1741.72        4
   650       21   1.0445e-05  1.48138e-06      12.9263        2
   651       23   9.7407e-06  1.38193e-06      12.0585        2
   652      233   0.00013179  4.19742e-05       366.26        4
   653      344  0.000185688   5.9124e-05      515.907        2
   654      728  0.000387935  0.000219703      1917.09        5
   655      269  0.000141246  6.47507e-05      565.005        1
   656      627  0.000362568  0.000115471      1007.59        3
   657      540  0.000316617  0.000100844      879.948        2
   658      101   5.0397e-05  7.12619e-06      62.1821        1
   659      279  0.000149779  2.11964e-05      184.957        4
   660      200  9.38321e-05  1.32913e-05      115.978        4
   661      574  0.000341435  0.000156589      1366.37        6
   662      518  0.000300181   4.2505e-05      370.892        2
   663      810  0.000482835  0.000153747      1341.57        4
   664      710  0.000406742  0.000129514      1130.12        5
   665     1023  0.000873002  0.000278018      2425.94        4
   666      679  0.000430864  6.09985e-05      532.263        4
   667      183  0.000102162  1.44515e-05      126.102        1
   668     1060  0.000591223  0.000271183       2366.3        4
   669       45  1.92913e-05  2.72647e-06      23.7908        1
   670      340  0.000203723   6.4894e-05      566.255        1
   671      419    0.0002522  3.57132e-05      311.628        2
   672      189  8.44123e-05  1.19519e-05       104.29        2
   673      192  0.000112046  1.58532e-05      138.332        3
   674      142  8.46342e-05  1.19922e-05      104.642        2
   675      103  5.34484e-05   7.5596e-06      65.9639        0
   676      625   0.00034787  0.000159514       1391.9        3
   677       37  1.72174e-05  2.43882e-06      21.2808        1
   678      367  0.000177117  2.50615e-05      218.683        3
   679      648  0.000351371  0.000161123      1405.94        4
   680      160  8.65292e-05   1.2257e-05      106.953        2
   681       23  7.00563e-06  9.96543e-07      8.69568        1
   682      755  0.000474495  0.000308418      2691.21       10
   683      153  8.77125e-05  1.24144e-05      108.326        2
   684      121  5.76312e-05  8.16121e-06      71.2135        0
   685     6547   0.00845743    0.0087266      76146.9        2
   686       68  3.32924e-05  4.71341e-06      41.1285        0
   687       27  9.50059e-06  1.34137e-06      11.7046        2
   688       25  9.09815e-06  1.27947e-06      11.1645        2
   689       38  1.58819e-05  2.24601e-06      19.5983        1
   690      556  0.000289283  0.000132682      1157.76        7
   691      404  0.000275448  3.89983e-05      340.293        1
   692     1996   0.00112206   0.00112939      9854.88        4
   693      170  0.000143645   2.0321e-05      177.318        0
   694      148  0.000134772  1.90837e-05      166.521        0
   695      700  0.000460663  0.000260757      2275.32        7
   696      196  0.000122039  1.72891e-05      150.862        0
   697       65   2.6768e-05  3.79869e-06      33.1468        1
   698       29  1.74438e-05  2.46793e-06      21.5348        1
   699      141  7.72027e-05  1.09088e-05      95.1889        2
   700      220  0.000124748  3.97195e-05      346.587        2
   701      117  5.06012e-05  7.17884e-06      62.6414        2
   702      223  0.000124755  1.76642e-05      154.135        0
   703      141  6.38514e-05  9.02916e-06       78.787        1
   704      112  7.02865e-05  9.94327e-06      86.7635        3
   705      743  0.000434327  0.000245877      2145.48        5
   706      552   0.00032086  0.000102173      891.548        2
   707      121  8.18299e-05  1.15897e-05       101.13        1
   708       19  6.19652e-06  8.80307e-07      7.68142        1
   709       27   1.1692e-05  1.65081e-06      14.4048        1
   710       13  2.27307e-06  3.20306e-07      2.79494        1
   711     1322  0.000849894  0.000724869       6325.1       10
   712       54  2.10068e-05  2.97182e-06      25.9316        2
   713       43  1.48212e-05  2.09428e-06      18.2743        1
   714      218  0.000136244  1.93019e-05      168.426        4
   715      154  8.17774e-05  1.15894e-05      101.127        4
   716       83  4.10808e-05  5.81077e-06      50.7039        4
   717       42  1.63918e-05  2.31512e-06      20.2014        2
   718      170  8.83125e-05  1.25263e-05      109.303        1
   719       57  3.04336e-05  4.29794e-06      37.5031        2
   720      112   6.2152e-05  8.81965e-06      76.9589        3
   721       43  1.75972e-05  2.49159e-06      21.7412        2
   722       96  4.81213e-05  6.82894e-06      59.5883        2
   723      146  8.42636e-05  1.19217e-05      104.027        2
   724        9  1.35764e-06  1.91802e-07      1.67364        2
   725       45  2.26082e-05  3.21141e-06      28.0222        2
   726      508  0.000289832  9.23514e-05      805.844        4
   727      338  0.000152316  4.84924e-05      423.137        4
   728      104  7.16288e-05  1.01168e-05      88.2775        2
   729       40  1.47165e-05  2.08357e-06      18.1809        1
   730      451  0.000231979  3.28407e-05      286.563        3
   731      443  0.000272625  3.85746e-05      336.596        5
   732      231  0.000119592  1.69164e-05       147.61        1
   733       31  1.19792e-05  1.69543e-06       14.794        1
   734      738  0.000419457  0.000192302      1677.99        4
   735       29   1.0841e-05  1.53748e-06      13.4158        2
   736       71  4.12424e-05  5.82638e-06      50.8401        3
   737       13  2.02514e-06  2.88615e-07      2.51841        2
   738       10  1.84639e-06  2.58112e-07      2.25225        1
   739        6  1.58565e-06  2.23709e-07      1.95205        1
   740     2388   0.00224652   0.00226109      19729.9       12
   741      126  6.46152e-05  9.14912e-06      79.8338        1
   742      383  0.000210065  6.68956e-05      583.721        2
   743       12  2.50285e-06  3.55894e-07      3.10548        2
   744      140  0.000153702  2.17568e-05      189.847        0
   745       87  4.14207e-05  5.86676e-06      51.1924        1
   746       39  1.96678e-05  2.79803e-06      24.4152        1
   747      638  0.000431121  6.10008e-05      532.283        0
   748      158  6.41828e-05  9.07599e-06      79.1957        1
   749       36  1.74249e-05  2.46583e-06      21.5165        1
   750      631  0.000371619  5.26109e-05      459.075        1
   751      669  0.000408583  0.000130111      1135.33        2
   752      266  0.000137398   1.9434e-05      169.578        1
   753      225  0.000106652  1.50749e-05      131.541        2
   754     1965   0.00133839  0.000958932      8367.49        4
   755      759  0.000479172  0.000311432      2717.51        6
   756     3022   0.00287471    0.0028038      24465.5        6
   757      243  0.000119199  1.68569e-05      147.091        3
   758      305  0.000139271  4.43262e-05      386.783        3
   759      446  0.000227191  0.000128623      1122.34        1
   760      125  5.83456e-05  8.25987e-06      72.0743        2
   761        6  2.93401e-07  4.22996e-08       0.3691        1
   762       14  2.44496e-06  3.48874e-07      3.04422        1
   763      551  0.000285279  9.08473e-05       792.72        3
   764      518  0.000266188  8.47478e-05      739.496        3
   765      556  0.000295683  4.18438e-05      365.123        2
   766       89  4.40292e-05  6.21879e-06      54.2642        2
   767      388   0.00024318  7.74493e-05      675.811        4
   768      193  0.000102688   1.4545e-05      126.917        1
   769     8748   0.00786093   0.00801676        69953        5
   770      145   6.6553e-05  9.43759e-06       82.351        1
   771      120  6.61313e-05  9.35915e-06      81.6665        1
   772      396   0.00019894  2.81345e-05      245.497        1
   773      206  0.000166033  2.34904e-05      204.973        0
   774       51  1.75517e-05  2.47573e-06      21.6029        1
   775      154  8.63106e-05   1.2207e-05      106.517        0
   776       70  3.28121e-05  4.63976e-06      40.4858        2
   777      710  0.000340063  4.81036e-05      419.744        2
   778      114  8.99208e-05  1.27405e-05      111.172        1
   779      318  0.000148273  2.09651e-05      182.939        4
   780      211  7.80126e-05  1.10404e-05      96.3369        4
   781      495  0.000310562  9.88885e-05      862.886        3
   782      703  0.000380179  5.38053e-05      469.497        1
   783      162  7.58503e-05  1.07388e-05      93.7051        2
   784      477  0.000261909  0.000120152      1048.43        8
   785       69  3.01064e-05  4.25896e-06      37.1631        1
   786      187   8.5642e-05  1.21492e-05      106.012        4
   787     3011   0.00232048   0.00211635        18467       19
   788       37  7.96793e-06  1.12535e-06      9.81964        2
   789       15  1.44098e-06  2.03411e-07      1.77494        3
   790      392  0.000157797  5.02706e-05      438.653        7
   791        4  3.05919e-07  4.44119e-08     0.387531        1
   792       20   6.2193e-06  8.75909e-07      7.64305        1
   793       24  7.28582e-06  1.04029e-06      9.07738        1
   794       12  2.27486e-06  3.23106e-07      2.81937        1
   795      327  0.000155743  2.20314e-05      192.243        1
   796       92  4.00855e-05  5.66982e-06       49.474        2
   797       39  1.90538e-05  2.69329e-06      23.5012        1
   798       73  3.66465e-05  5.19474e-06      45.3285        1
   799      323  0.000189413  2.68165e-05      233.997        3
   800      116   5.1402e-05    7.277e-06       63.498        2
   801      222  8.77358e-05  1.23998e-05      108.199        5
   802       16  6.12849e-06  8.70601e-07      7.59673        0
   803       36  1.37712e-05  1.94864e-06      17.0036        3
   804     1739   0.00125134  0.000813255      7096.34       12
   805      733  0.000444813  0.000251826       2197.4        5
   806      298  0.000156849  4.99216e-05      435.608        3
   807      534  0.000279313  0.000128114       1117.9        8
   808      215  7.81482e-05  1.10584e-05      96.4939        5
   809     1380  0.000731204  0.000413926      3611.85       12
   810      551   0.00028024  8.92176e-05      778.499        9
   811      434  0.000202695  6.45294e-05      563.074        4
   812       22  8.08218e-06  1.13815e-06      9.93131        1
   813       35  8.11663e-06  1.15044e-06      10.0386        1
   814       23  4.70165e-06  6.64867e-07      5.80153        1
   815      508  0.000256471  0.000117631      1026.43        5
   816        4  4.80159e-07  6.75902e-08     0.589782        2
   817     2826    0.0025149   0.00180212      15725.1        3
   818       82  3.32819e-05  4.71952e-06      41.1818        3
   819      452  0.000249901  7.95698e-05      694.314        6
   820      127  5.29749e-05  7.48116e-06      65.2795        3
   821       35  1.44244e-05  2.04807e-06      17.8711        1
   822     1013  0.000788467  0.000512468      4471.72        6
   823      171  0.000116822  1.65369e-05      144.298        2
   824      382  0.000267097  0.000122494      1068.86        4
   825       34  1.72677e-05  2.44762e-06      21.3576        0
   826      582  0.000377084  0.000213463      1862.65        5
   827     1099  0.000644899  0.000462155       4032.7        8
   828      267  0.000165317  2.34098e-05       204.27        2
   829      277  0.000165562  5.27303e-05      460.116        2
   830       77  7.47672e-05  1.05714e-05      92.2447        0
   831      707  0.000564231  0.000319456      2787.53        3
   832      464  0.000380324  5.38833e-05      470.177        3
   833       34  1.28711e-05  1.82453e-06      15.9206        1
   834       37  1.68292e-05  2.37432e-06      20.7179        2
   835       85   3.0658e-05  4.34037e-06      37.8734        2
   836     2006   0.00113352  0.000812253      7087.59       15
   837      121  6.04575e-05  8.55985e-06       74.692        3
   838       19  2.79875e-06  3.95631e-07      3.45222        2
   839       51  2.65512e-05  3.74506e-06      32.6788        3
   840      136  6.29147e-05  8.92009e-06      77.8354        3
   841       27  1.58427e-05  2.23292e-06      19.4841        2
   842       75  3.82678e-05  5.40404e-06      47.1548        3
   843       25  1.00118e-05  1.41407e-06       12.339        2
   844       59  2.79817e-05  3.96211e-06      34.5728        2
   845     2887   0.00170729   0.00145581      12703.1       23
   846      330  0.000190043  6.05255e-05      528.136        6
   847      339  0.000170434  2.41547e-05       210.77        4
   848      206  0.000143462  4.57009e-05      398.779        5
   849       31   1.6644e-05  2.35432e-06      20.5434        1
   850      125  5.87108e-05  8.30375e-06      72.4573        2
   851       52  1.08934e-05  1.53998e-06      13.4376        2
   852       30    1.225e-05  1.73076e-06      15.1023        2
   853       11  4.12003e-06  5.84412e-07      5.09949        0
   854      128  2.91051e-05  4.12333e-06      35.9796        4
   855      336  8.23485e-05  1.16613e-05      101.755       11
   856      217  6.26429e-05  8.86283e-06      77.3357        7
   857      241  8.21296e-05  1.16205e-05      101.399        7
   858       24  1.52312e-06  2.14282e-07      1.86979        3
   859      214  5.60548e-05  7.93537e-06      69.2428       10
   860      250   0.00010348  1.46354e-05      127.706        6
   861       55  9.06918e-06  1.27427e-06      11.1191        2
   862       92  2.64324e-05  3.73985e-06      32.6334        7
   863       21  2.28952e-06  3.23041e-07      2.81881        4
   864       55  1.46887e-05  2.08085e-06      18.1571        6
   865      301  0.000152109  2.15415e-05      187.968        7
   866       32  6.56689e-06  9.27714e-07      8.09509        1
   867       62  1.85936e-05  2.63344e-06       22.979        5
   868        4  4.42904e-07  6.18161e-08     0.539397        2
   869       59  3.51457e-05  4.96314e-06      43.3076        3
   870       10  9.28605e-07  1.30759e-07      1.14098        3
   871       24  4.75836e-06  6.72061e-07       5.8643        3
   872        9  4.12868e-07  5.64364e-08     0.492456        1
   873       11  7.23251e-07  1.00069e-07     0.873191        1
   874       25  5.52615e-06  7.84076e-07      6.84173        1
   875       33  5.82037e-06  8.26377e-07      7.21084        1
   876       64  8.98269e-06  1.27243e-06       11.103        5
   877      226  0.000104712  1.48289e-05      129.395        1
   878        3  3.12517e-07  4.11465e-08     0.359038        2
   879        6  2.51296e-07   3.7881e-08     0.330544        3
   880      275  0.000154107  2.18244e-05      190.436        1
   881        2  1.45008e-07  1.96133e-08     0.171142        2
   882        4  3.51774e-07  4.90277e-08     0.427808        3
   883        5  3.84721e-07   5.3163e-08     0.463892        3
   884        5  6.27725e-07  8.91214e-08      0.77766        3
   885       32   6.8948e-06  9.78968e-07      8.54233        1
   886        3   3.0744e-07  4.34587e-08     0.379214        2
   887       12  7.22139e-07  1.00661e-07      0.87835        3
   888        4  3.35521e-07  4.81713e-08     0.420336        1
   889        5  3.15264e-07  4.85481e-08     0.423624        2
   890        4   1.0053e-07  1.49036e-08     0.130047        1
   891        6  8.81254e-07  1.26227e-07      1.10143        1
   892       10  1.06752e-06  1.50163e-07       1.3103        1
