Model info
==========
Mesh file: bebetrex.obj (VN 302832, FN 604074)
Texture files:
  bebetrex.jpg

Parameterization info
=====================
Number of charts: 1479
    ID    faces      perc_3D      perc_UV   resolution    n_adj
     0     1624   0.00308611   0.00305473      19907.9        5
     1     7141   0.00978408   0.00957722      62415.2        6
     2     1390   0.00247428    0.0024676      16081.5        8
     3     1427   0.00242087   0.00241252      15722.5        8
     4        6  1.14661e-06   6.0411e-07      3.93701        0
     5       18  6.30707e-06  7.18485e-06       46.824        0
     6       12  1.92453e-06  9.96503e-07      6.49426        0
     7        2  4.14128e-07  9.23526e-08     0.601867        0
     8       19  7.08636e-06   4.0747e-06       26.555        1
     9        1  1.85895e-07  2.26226e-07      1.47432        1
    10       52  2.76741e-05  1.33466e-05      86.9804        3
    11        4  2.17363e-06  1.41498e-06      9.22152        1
    12        1  1.09993e-06  1.95976e-07      1.27719        1
    13        1   7.1015e-07  5.54133e-07      3.61132        1
    14       24  9.02125e-06  8.90831e-06      58.0559        0
    15        9  5.03207e-06  2.23036e-06      14.5354        2
    16        2   7.5223e-07  2.94355e-07      1.91833        2
    17        1  2.32078e-07  1.68727e-07       1.0996        2
    18        4   1.1648e-06  6.85276e-07      4.46598        0
    19       17  1.21122e-05  1.01406e-05      66.0869        2
    20        1  7.70756e-07  2.84489e-07      1.85403        2
    21       48  4.08337e-05  3.09028e-05      201.395        3
    22        1  6.03949e-07  6.15333e-08     0.401016        2
    23        1  2.58186e-07  2.37237e-07      1.54609        1
    24       28  1.16486e-05  5.74532e-06      37.4426        3
    25        1  4.46301e-07  1.36329e-07     0.888464        1
    26        1  4.91124e-07  1.61231e-07      1.05075        1
    27        2  6.68369e-07  1.76701e-07      1.15157        1
    28       14  5.44479e-06  2.33538e-06      15.2198        0
    29       53   3.6288e-05  2.74026e-05      178.584        3
    30        1  1.36953e-07   9.2771e-08     0.604594        1
    31        4  2.71948e-06  2.46475e-06      16.0629        1
    32        2  1.34622e-06  1.04691e-06      6.82275        1
    33       14  6.54196e-06  5.10501e-05      332.696        0
    34       53  5.21151e-05  3.65373e-05      238.116        1
    35       29   3.3923e-05  2.33391e-05      152.102        1
    36       16   3.9192e-06  2.41015e-06      15.7071        0
    37       29  1.39358e-05  1.53386e-05      99.9627        1
    38        3  8.99917e-07  3.00174e-07      1.95625        1
    39        8  2.13808e-06  1.23617e-06      8.05616        0
    40       22   8.9551e-06  2.35927e-06      15.3755        0
    41        2  3.95239e-07  5.57018e-08     0.363012        0
    42       14  4.54877e-06  2.80206e-06      18.2612        2
    43       15   7.1815e-06  8.10917e-06      52.8479        4
    44        3   9.1343e-07  5.59654e-07      3.64729        3
    45        1  3.28553e-07  1.75354e-07      1.14279        2
    46        1  3.77666e-07  2.62574e-07      1.71121        2
    47        7  2.81605e-06  1.88901e-06      12.3108        3
    48        1  2.34738e-07  1.73388e-07      1.12998        2
    49       10  2.57962e-06  1.27517e-05      83.1036        0
    50        4  1.30226e-06  4.87334e-07      3.17598        0
    51        2  1.96585e-07     7.88e-07      5.13544        0
    52       24  9.51587e-06  9.23188e-06      60.1646        0
    53        5  1.82487e-06  1.66876e-06      10.8754        2
    54        3  9.77659e-07  5.62573e-07      3.66632        2
    55        4  1.18793e-06  2.74314e-06      17.8772        2
    56       26  1.04589e-05  7.50147e-06      48.8874        1
    57        2  1.34501e-06  9.64683e-07      6.28689        1
    58       12    3.614e-06  1.84978e-06      12.0551        0
    59       22  8.90877e-06  4.23322e-06      27.5881        0
    60       77  6.29285e-05  4.41797e-05      287.922        3
    61       44  3.61895e-05  3.07776e-05      200.579        2
    62        1  3.76132e-07  2.76485e-07      1.80186        1
    63        1  4.52538e-07  1.06809e-07     0.696077        2
    64        1  4.11623e-07  1.75759e-07      1.14543        2
    65        2  4.16222e-07  2.30548e-07      1.50249        0
    66       32  1.62571e-05  1.61183e-05      105.044        0
    67       22  8.45452e-06  9.10477e-06      59.3363        0
    68       22  8.95659e-06  1.77259e-05       115.52        0
    69       41  2.11174e-05   1.7752e-05      115.691        3
    70        2  6.38625e-07  1.10386e-06      7.19391        2
    71        4  2.11607e-06  1.88157e-06      12.2623        3
    72        3  1.25218e-06   3.0562e-06      19.9174        2
    73        9  2.83027e-06  2.75061e-06      17.9259        1
    74        3  8.26098e-07  5.83319e-06      38.0152        1
    75       48  2.53243e-05  1.70273e-05      110.967        2
    76        5  4.40458e-06  4.07329e-06      26.5459        1
    77        3  2.12831e-06  1.30899e-06      8.53079        1
    78       82  6.73024e-05  4.81561e-05      313.836        2
    79       74  5.28453e-05  4.34363e-05      283.077        2
    80        3  1.62993e-06  3.36813e-07      2.19502        1
    81        1  6.10007e-07  8.19931e-07      5.34353        1
    82       52  3.86833e-05  2.91501e-05      189.973        4
    83        2  3.55572e-07  7.40333e-08     0.482479        2
    84        3  1.94756e-06  6.00739e-07      3.91505        3
    85       30   2.4032e-05   1.8091e-05        117.9        4
    86        1  4.12709e-07  9.00142e-09    0.0586627        2
    87        2  9.13306e-07  2.52621e-07      1.64634        3
    88        1   9.0207e-07  5.53323e-07      3.60603        2
    89        1   7.0486e-07  1.75208e-07      1.14184        2
    90       18  6.37531e-06  2.57194e-07      1.67615        0
    91       16  4.44772e-06  1.65478e-06      10.7843        0
    92        6  1.46506e-06  1.67412e-06      10.9103        0
    93        4  7.76231e-07  3.51268e-07      2.28923        0
    94       97  7.36067e-05  5.55986e-05      362.339        2
    95       88  6.72574e-05  5.26855e-05      343.354        1
    96        1  2.78987e-07  4.82183e-08     0.314241        1
    97       18  8.47681e-06  1.30517e-06      8.50587        0
    98       56  2.63915e-05   1.5894e-05      103.582        4
    99        1  4.08915e-07  1.10245e-07     0.718474        1
   100        1  8.48454e-07  4.01049e-07      2.61365        1
   101        1  6.04441e-07   2.3183e-07      1.51085        1
   102        1  5.04482e-07  3.16271e-07      2.06116        1
   103       44  2.15561e-05  1.55975e-05       101.65        0
   104       42  3.32888e-05  2.30864e-05      150.455        2
   105       52  4.07316e-05  3.04039e-05      198.144        4
   106        1  4.14665e-07  2.15948e-07      1.40735        3
   107        2  9.31556e-07  1.12958e-06       7.3615        4
   108       66  4.47164e-05  1.43303e-05      93.3911        4
   109        1  8.72588e-07  6.33412e-07      4.12798        2
   110        2  1.18159e-06  1.16421e-07      0.75872        2
   111        6  2.74635e-06  6.57663e-07      4.28602        4
   112        1  1.00445e-06  9.21354e-07      6.00452        3
   113        1  6.08951e-07   3.8101e-07      2.48306        2
   114        1  5.06495e-07  1.19411e-06       7.7821        3
   115        1  4.21409e-07  2.24145e-07      1.46076        3
   116        1  4.64289e-07  2.09887e-06      13.6785        3
   117        1   4.7969e-07  3.61871e-07      2.35833        3
   118       65  3.62467e-05  3.25064e-05      211.846        2
   119       11   6.5735e-06  4.44566e-06      28.9726        1
   120       24  8.73868e-06  5.23334e-06      34.1059        1
   121       40  1.73855e-05   1.1257e-05      73.3624        0
   122       38  2.28726e-05  1.17792e-05      76.7656        2
   123        9  5.06125e-06  3.57932e-06      23.3266        1
   124        1  6.84597e-07  7.01476e-08     0.457156        1
   125       56  3.21622e-05  1.87183e-05      121.988        4
   126       10  6.93963e-06  5.76848e-06      37.5935        1
   127        1  5.24036e-07  4.39227e-07      2.86247        1
   128        2  1.24597e-06  8.30577e-07      5.41292        1
   129        1  4.06905e-07  2.43742e-07      1.58848        1
   130       14  3.40528e-06  9.25997e-07      6.03477        0
   131       25  1.35257e-05  6.81803e-06      44.4335        1
   132       15  8.16257e-06  1.99542e-06      13.0042        1
   133        2  3.65396e-07  1.52642e-07     0.994777        0
   134       24  8.99386e-06  4.34001e-06      28.2841        0
   135        6  2.11822e-06  3.64096e-07      2.37283        0
   136        6  1.97979e-06  1.02071e-06      6.65199        0
   137        2  2.29546e-07  5.86662e-08      0.38233        0
   138        8  1.63767e-06  2.10666e-06      13.7292        0
   139        4  7.58656e-07  5.56874e-07      3.62918        0
   140       12  3.24851e-06  1.75339e-06       11.427        0
   141       16  4.69944e-06  2.32766e-06      15.1695        0
   142       44  2.43835e-05  9.46416e-06      61.6784        0
   143       52  3.18005e-05  1.96267e-05      127.908        1
   144       12  7.72268e-06  4.90878e-06      31.9908        1
   145        6  3.23698e-06  4.73579e-07      3.08634        0
   146        8  2.12254e-06   1.3898e-06      9.05742        0
   147       57  3.03419e-05  1.52321e-05      99.2686        1
   148        1  5.42705e-07  2.44268e-08     0.159191        1
   149       24  1.01819e-05  1.50102e-05      97.8222        0
   150       14  4.64652e-06  4.02613e-06      26.2385        0
   151       54  3.63195e-05  2.33551e-05      152.206        1
   152       30  1.72908e-05  1.14457e-05      74.5924        1
   153       16  5.58464e-06   1.3902e-06      9.05999        0
   154        2  2.02135e-07   1.0672e-07     0.695498        0
   155       14  4.94534e-06   9.7746e-06      63.7016        0
   156       20  8.99752e-06  9.61511e-06      62.6622        2
   157        8  3.21568e-06  1.50504e-06      9.80844        2
   158        2  6.31105e-07  2.70571e-07      1.76333        2
   159       54  3.67828e-05  2.17251e-05      141.584        3
   160        1  5.86924e-07  2.52289e-08     0.164418        1
   161        1  4.00131e-07  1.13859e-07     0.742022        1
   162       40  2.93391e-05  1.96096e-05      127.797        1
   163       26  1.11568e-05  1.27698e-05      83.2212        0
   164       16  5.92937e-06  5.93654e-06      38.6887        0
   165       20  1.02198e-05  8.80766e-06         57.4        1
   166       24   1.1308e-05  4.09548e-06      26.6905        1
   167       50  3.77446e-05  2.45429e-05      159.947        1
   168       42  4.16291e-05  2.74742e-05      179.051        1
   169     1961   0.00301071   0.00300925      19611.5       21
   170     6360    0.0109426    0.0109874      71605.3       14
   171     4927   0.00701728   0.00701903      45743.4       17
   172       34  1.74472e-05  1.28243e-05      83.5764        7
   173        1  2.71137e-07  6.99948e-08      0.45616        3
   174        1  3.43244e-07   1.6241e-07      1.05843        3
   175        2  9.33598e-07  7.79901e-07      5.08266        4
   176       81  6.25532e-05   5.6591e-05      368.807       11
   177       11  5.28626e-06  4.80051e-06      31.2852        3
   178       22  1.31785e-05  1.00534e-05      65.5182        6
   179      198  0.000165942  0.000155988      1016.58        4
   180        3  1.34683e-06  1.26365e-06       8.2353        3
   181      144  0.000153951  0.000149543       974.58        5
   182     3365   0.00465517   0.00462641      30150.5        6
   183        3  1.51284e-06  7.85393e-07      5.11845        3
   184        2   9.3292e-07   2.4206e-07      1.57752        3
   185     3836   0.00742886   0.00750708        48924       29
   186        2  2.32428e-06  3.24788e-07      2.11666        1
   187        1   5.3044e-07  4.51304e-07      2.94117        1
   188      107   9.8697e-05  9.40496e-05      612.926        5
   189        1  1.92145e-06  6.75099e-07      4.39966        1
   190        1  4.82985e-07  4.45473e-07      2.90317        2
   191        1  5.97469e-07  1.89758e-07      1.23666        3
   192        1  7.55531e-07  3.65477e-07      2.38183        2
   193        1  3.79041e-07  2.92813e-07      1.90828        2
   194        1  6.66328e-07  5.52527e-07      3.60085        2
   195        1  4.95085e-07  3.80308e-07      2.47849        2
   196        1  5.06873e-07  2.89423e-07      1.88619        2
   197        2  6.18956e-07  1.80994e-07      1.17955        3
   198        1  3.22295e-07  1.97405e-07       1.2865        2
   199      377  0.000874945   0.00088919       5794.9        4
   200    20445    0.0592714    0.0604653       394056       25
   201        1    3.708e-06  3.78729e-06       24.682        2
   202        1  7.04907e-07  4.07075e-07      2.65293        2
   203     8539    0.0164156    0.0166656       108611       13
   204        1  1.89465e-07  1.26445e-07     0.824047        1
   205     5430    0.0142826    0.0145782      95006.9       20
   206     5788   0.00738928   0.00731494      47671.9       10
   207     3046   0.00310288   0.00297901      19414.3       43
   208      657  0.000939627  0.000920424      5998.45        5
   209    35934     0.036689    0.0353371       230294       87
   210       21   1.7639e-05  1.69759e-05      110.633        2
   211       13  1.24783e-05  9.48937e-06      61.8427        5
   212        1   4.1071e-07  3.46509e-07      2.25822        2
   213       16  2.19182e-05  2.09366e-05      136.445        1
   214        1  1.89753e-06  1.79972e-06      11.7288        1
   215        1   5.4772e-07  4.55627e-07      2.96934        2
   216        4  5.19381e-06  5.07131e-06        33.05        2
   217       77  0.000116953  0.000112378      732.376        2
   218        2  1.40207e-06  8.53905e-07      5.56494        1
   219        2  1.40464e-06  1.35959e-06      8.86051        4
   220        1   4.8166e-07  2.43068e-07      1.58409        2
   221       52   4.9693e-05  4.63132e-05      301.826        4
   222       57  0.000101053  0.000101878      663.943        7
   223        1   1.0904e-06  7.97113e-07      5.19483        3
   224        1  6.93783e-07  6.53294e-07      4.25755        3
   225        1   1.1088e-06  1.09836e-06      7.15808        3
   226        8  9.82215e-06  8.96229e-06      58.4077        8
   227       29  3.21429e-05  3.09923e-05      201.979        5
   228       16  1.43925e-05  1.22551e-05      79.8673        3
   229       36  4.61351e-05  4.44407e-05      289.622        8
   230       34  8.20826e-05  8.56827e-05      558.399        5
   231      619    0.0012285   0.00127937      8337.74       14
   232       97  0.000251748  0.000262414      1710.17        5
   233        5  5.52338e-06  5.00087e-06      32.5909        5
   234        1  5.32997e-07  4.95705e-07      3.23054        2
   235        6   4.9584e-06  4.90594e-06      31.9723        5
   236        4  6.20571e-06  6.03662e-06       39.341        3
   237        1  6.44857e-07  5.64766e-07      3.68061        3
   238        1  1.44362e-06  1.40957e-06      9.18626        3
   239        2  2.53123e-06  2.38483e-06       15.542        2
   240        1  2.03115e-06  1.99562e-06      13.0055        3
   241        1  2.29597e-07  3.92693e-08      0.25592        1
   242       12  7.52507e-06  6.95809e-06      45.3462        2
   243        7  8.60589e-06  7.80666e-06      50.8764        2
   244       35  4.03091e-05  3.74794e-05      244.255        4
   245      569  0.000484383  0.000453654      2956.49       11
   246      709  0.000661301  0.000633789      4130.43        7
   247      462  0.000411052   0.00039121      2549.54        6
   248       87  6.39407e-05  5.82173e-05      379.405        8
   249        4  1.86661e-06  1.71735e-06      11.1921        2
   250        1  4.77315e-07  4.88268e-07      3.18207        2
   251       56  4.48192e-05  4.94403e-05      322.205        8
   252        2  1.27254e-06  5.00454e-07      3.26148        2
   253        2  6.00678e-07   5.0935e-07      3.31946        2
   254       66  5.36627e-05  4.63357e-05      301.973        2
   255        1  8.95342e-08  8.69339e-09    0.0566553        1
   256       25  3.55928e-05  3.54587e-05      231.086        3
   257       31   0.00012572  0.000128442       837.06        5
   258        1  6.18093e-07   5.7174e-07      3.72606        2
   259       11  1.05388e-05  1.00871e-05      65.7379        4
   260        2  2.57005e-06   2.2983e-06      14.9782        2
   261       48  5.51863e-05  5.39717e-05      351.736        3
   262        2  1.85947e-06  1.72052e-06      11.2127        2
   263       88   0.00010286   0.00010307      671.713        8
   264       14  1.81139e-05  1.80464e-05       117.61        3
   265      922   0.00124636   0.00122136      7959.67       11
   266       20  1.82599e-05  1.65847e-05      108.084        4
   267       17   1.5867e-05  1.38849e-05      90.4887        3
   268       24  3.47288e-05  3.43593e-05      223.921        3
   269        1  5.15986e-07  2.45726e-07      1.60141        2
   270       11  1.23245e-05  1.23481e-05      80.4731        2
   271        1   7.3202e-07  1.91391e-07      1.24731        2
   272        9  5.54553e-06  4.95079e-06      32.2645        2
   273        3  1.20243e-06  1.00236e-06      6.53244        2
   274        9  6.78161e-06  6.20253e-06      40.4222        5
   275        1  4.20043e-07  3.10747e-07      2.02515        2
   276        1  5.00479e-07  5.14038e-07      3.35002        3
   277        6  4.69982e-06  4.50207e-06      29.3402        4
   278      471    0.0004659  0.000443618      2891.08        5
   279      676  0.000696773  0.000672136      4380.35        8
   280      266  0.000338712  0.000338106      2203.46        6
   281        1  1.16889e-06  1.17991e-06      7.68954        2
   282        2  1.05656e-06  1.39192e-07      0.90712        2
   283        1  4.18699e-07  4.03918e-07      2.63236        3
   284        1  3.93101e-07  3.80057e-07      2.47685        2
   285        1  3.58778e-07  3.94507e-08     0.257103        3
   286        1  1.88996e-06  1.67087e-06      10.8892        2
   287     1658   0.00477832   0.00488356      31826.4       10
   288     2103   0.00437706   0.00444827      28989.6        9
   289     1735   0.00249782   0.00247944      16158.6       11
   290      704  0.000854548  0.000850292       5541.4        6
   291      218  0.000238166  0.000234126      1525.81        5
   292      524  0.000934228  0.000947591       6175.5        4
   293      336  0.000390364  0.000380234      2478.01        5
   294      365  0.000388796  0.000380293      2478.39        8
   295      710  0.000785764  0.000766401      4994.68        4
   296        8  1.17144e-05  1.11973e-05      72.9735        3
   297      279  0.000329149  0.000320937      2091.57        6
   298        2  8.19569e-07  4.63721e-07      3.02209        2
   299        1  2.31117e-06  2.34899e-06      15.3085        3
   300       70  8.47434e-05  8.18651e-05      533.519        3
   301        1  1.10229e-06  1.35731e-07     0.884564        2
   302       26  2.88753e-05   2.8176e-05      183.625        3
   303       62  5.43943e-05   5.3251e-05       347.04        4
   304      149  0.000158675  0.000155495      1013.37        4
   305       15  8.45403e-06  6.99779e-06       45.605        8
   306        1  3.30286e-07  2.50316e-07      1.63132        2
   307        1  2.87116e-07  1.09234e-07     0.711881        1
   308        7  6.17795e-06   5.0599e-06      32.9757        2
   309        1  2.65781e-07  8.90028e-08     0.580036        1
   310       35  2.05434e-05  1.97399e-05      128.646       11
   311        1  3.79324e-07  4.49441e-08     0.292903        2
   312        1  4.89662e-07  3.66789e-07      2.39038        1
   313        3  1.17449e-06  2.69729e-07      1.75784        3
   314        5  1.56666e-06  5.61668e-07      3.66042        3
   315       68  6.49277e-05  6.62626e-05      431.837        7
   316        1   4.2865e-07  4.03234e-07       2.6279        2
   317        1  3.72958e-07  1.12211e-08    0.0731285        3
   318        1  4.06145e-07  3.42884e-07      2.23459        2
   319        1  3.76959e-07  3.00838e-07      1.96058        3
   320        1  3.62406e-07  1.84561e-07      1.20279        3
   321        1  2.67541e-07  2.70981e-07      1.76599        2
   322        1  3.86418e-07  2.10797e-07      1.37377        1
   323       11  7.63901e-06  6.58664e-06      42.9255        2
   324      164  0.000214598  0.000205296      1337.92        6
   325        1  3.59427e-07   2.8644e-07      1.86675        1
   326        1  5.48799e-07  5.80881e-07      3.78563        2
   327       22  1.53224e-05  1.20111e-05       78.277        4
   328      380   0.00046835  0.000459487       2994.5        7
   329       41   3.7243e-05  3.61382e-05      235.515        2
   330       12  9.08162e-06  8.57383e-06      55.8761        2
   331       87  8.90725e-05  8.70616e-05      567.385        6
   332       90  9.67644e-05  9.51854e-05      620.328        3
   333        1  7.30984e-07  6.82333e-07       4.4468        1
   334       62  0.000100346  9.93404e-05      647.407        3
   335       33  3.36725e-05  3.12661e-05      203.763        5
   336      111  0.000156675  0.000152932      996.664        6
   337       38   5.0739e-05  5.03414e-05      328.078        5
   338        1  1.23892e-06  1.26943e-06      8.27294        2
   339        6  7.77919e-06  6.92528e-06      45.1324        3
   340        4  1.75188e-06  1.11358e-06      7.25728        1
   341        1  8.06955e-07  7.24202e-07      4.71966        1
   342       40  3.57552e-05  3.12745e-05      203.818        5
   343        1  3.50965e-07  2.46408e-07      1.60585        2
   344        1  1.05457e-06  5.33366e-08     0.347597        3
   345        1  2.72556e-07  2.55764e-07      1.66683        2
   346       96  0.000111823  0.000112149      730.879        3
   347       12  1.09196e-05  1.00192e-05      65.2956        3
   348       82  0.000112752  0.000105135      685.173       12
   349       62  6.12174e-05  5.43648e-05      354.298        7
   350       10  9.28036e-06   8.8169e-06      57.4602        3
   351        1  7.34309e-07   7.1842e-07      4.68198        1
   352       50  0.000119745  0.000121453      791.515        5
   353      119  0.000196272  0.000197141      1284.78        3
   354       71  0.000134084  0.000130709      851.836       11
   355       11  8.24289e-06  6.27775e-06      40.9124        2
   356        1  3.95074e-07  1.60598e-07      1.04663        1
   357       12   1.3936e-05  1.18505e-05      77.2301        2
   358        9  1.79911e-05  1.79369e-05      116.896        4
   359      134  0.000402365  0.000411659      2682.81       13
   360        2  2.65248e-06  2.11239e-06      13.7665        2
   361       74  0.000260593  0.000265207      1728.37        6
   362       14  1.83358e-05  1.77722e-05      115.822        2
   363        1  5.05517e-07  1.00607e-07     0.655663        1
   364        1  6.56391e-07   2.6287e-07      1.71314        2
   365        1  2.26103e-06  2.06937e-06      13.4862        2
   366        1  1.86873e-06  1.89173e-06      12.3285        3
   367      111   0.00025886  0.000266406      1736.18        8
   368        1  9.92284e-07  9.86775e-07      6.43087        2
   369        1   1.4636e-06  1.43504e-06      9.35225        2
   370        1  4.69656e-07   2.9448e-07      1.91914        2
   371        1   4.6023e-07  2.51314e-07      1.63783        2
   372        3  3.87661e-06  3.77444e-06      24.5982        1
   373        1  3.12032e-06  2.97075e-06      19.3605        2
   374        2  5.43273e-06  5.30711e-06      34.5867        2
   375        1   3.3854e-07  8.94091e-08     0.582684        1
   376        1  1.80701e-06  7.44395e-08     0.485126        2
   377        1  1.47232e-07  1.09135e-07     0.711241        1
   378      613  0.000574973  0.000543412      3541.44        5
   379      829  0.000838552  0.000809748      5277.17        5
   380     2090   0.00385131   0.00386841      25210.6        5
   381     4554   0.00592803   0.00581003      37864.3        8
   382    19037    0.0366477    0.0370238       241286        9
   383      387  0.000406477  0.000392634      2558.82        5
   384      307  0.000249784   0.00022794       1485.5       10
   385       80  6.10803e-05  6.06708e-05      395.395        6
   386        1  2.91435e-07  1.38431e-07     0.902161        2
   387       12  5.60082e-06  4.29426e-06      27.9859        4
   388      981   0.00138029   0.00137015      8929.35        8
   389        1  7.28752e-07  2.73374e-07      1.78159        1
   390     1492   0.00355032    0.0036116        23537       14
   391     1671   0.00272234   0.00273109      17798.7        8
   392        1  1.68719e-06  1.54464e-06      10.0665        2
   393        5  9.53741e-06  9.12503e-06      59.4683        2
   394        1  1.48257e-06  1.36881e-06      8.92064        2
   395      204   0.00032287  0.000317149      2066.88        7
   396     5434    0.0111777    0.0113477      73953.3       21
   397     2041   0.00355654   0.00359346      23418.8        7
   398     3014   0.00384703   0.00380341        24787        6
   399        1  1.32222e-06  1.42873e-06      9.31111        2
   400       45  8.54603e-05  8.59065e-05      559.857        3
   401      231  0.000581863  0.000593069      3865.06        4
   402        2  4.54255e-06  4.55724e-06      29.6998        3
   403        1  1.26257e-06  1.32429e-06       8.6305        2
   404        1  1.60799e-06  1.24082e-06      8.08648        2
   405     9589     0.010444    0.0101731      66298.3       18
   406     4208    0.0086618   0.00877677      57198.7       12
   407      781    0.0011202   0.00111679      7278.16        4
   408    20935    0.0507488    0.0515137       335718        9
   409      720   0.00148791   0.00148138      9654.21       10
   410     1032   0.00135953   0.00135187      8810.24       12
   411        2   1.3383e-06  8.95096e-07      5.83339        1
   412     7046     0.010311    0.0103499      67450.6        5
   413     9396    0.0152335    0.0152649      99482.3       15
   414       81  6.75286e-05  6.03303e-05      393.176        2
   415      401  0.000313902  0.000281347      1833.56        5
   416      251  0.000483052  0.000483328      3149.87        5
   417      102   0.00014514  0.000140103      913.057        3
   418      597  0.000608638  0.000580813      3785.19        5
   419      719  0.000680112   0.00066071      4305.88       20
   420       75  5.47159e-05  4.96204e-05      323.379        5
   421        1  2.38052e-07  7.91466e-08     0.515802        2
   422        1  3.91351e-07  1.00339e-07     0.653914        2
   423       11  9.40437e-06  8.81567e-06      57.4522        2
   424       32  5.75161e-05  5.73384e-05      373.677        7
   425       28   3.5715e-05  3.53429e-05      230.332        3
   426       20  2.40358e-05  2.20721e-05      143.845        4
   427        1  2.95769e-07  2.46956e-07      1.60943        2
   428       82  7.37306e-05  6.25187e-05      407.438        4
   429        1  7.76617e-07  3.67872e-07      2.39744        1
   430       38  5.19531e-05  5.35057e-05        348.7        3
   431        1   1.0941e-06  3.14677e-07      2.05077        2
   432       37  3.54951e-05  3.01452e-05      196.458        4
   433       34  6.50907e-05  6.48808e-05      422.832        6
   434       15  1.71167e-05  1.51226e-05      98.5549        5
   435       28  7.28786e-05  7.40232e-05      482.413        5
   436       17  2.13339e-05  2.05858e-05      134.159        3
   437        1  1.31191e-06  5.93369e-07      3.86701        2
   438       10  1.17043e-05  8.03354e-06       52.355        3
   439       71  0.000228585  0.000233032      1518.68       14
   440       11  1.68178e-05   1.6578e-05       108.04        2
   441        1  9.68995e-07   9.7472e-07       6.3523        2
   442        1  2.27098e-06  2.29835e-06      14.9785        3
   443        1  1.41567e-06  1.44985e-06      9.44877        3
   444        1  2.53667e-06  2.36698e-06      15.4257        3
   445        7  9.69116e-06  9.81222e-06      63.9468        7
   446        1  1.04242e-06  8.90649e-07      5.80441        2
   447        8  8.69281e-06  8.32898e-06      54.2804        5
   448        1  9.85309e-07   6.2012e-07      4.04135        2
   449        2  2.08288e-06  1.20039e-06      7.82301        4
   450        5  8.14829e-06  8.22162e-06      53.5807        7
   451        1  1.25555e-06  2.13022e-07      1.38827        3
   452        1  9.70574e-07  3.73078e-07      2.43137        3
   453        1  1.21418e-06  1.20187e-06      7.83265        3
   454        1  1.35405e-06   1.3652e-06      8.89706        2
   455        1  1.21533e-06  3.12545e-07      2.03688        2
   456        2  2.80719e-06  2.63486e-06      17.1715        3
   457        1   1.2238e-06  1.21985e-06      7.94986        3
   458        1    2.566e-06  2.58922e-06      16.8741        2
   459        1  2.36371e-06  1.09329e-06      7.12501        2
   460        1  4.84314e-06  4.92658e-06      32.1068        3
   461       29  3.54369e-05  3.45059e-05      224.877        5
   462      175   0.00022121   0.00022031      1435.77        6
   463        6   2.8936e-06  2.24551e-06      14.6341        2
   464        1  4.06409e-07  3.81508e-07      2.48631        3
   465       16  1.15229e-05  1.00179e-05      65.2871        1
   466       66  0.000136068  0.000139675      910.272        5
   467      460  0.000904735  0.000931197      6068.66        4
   468      243  0.000349682  0.000348336      2270.12        9
   469      556  0.000620655  0.000597223      3892.13        7
   470       29  3.25665e-05  3.08292e-05      200.916        7
   471       64  4.63341e-05  4.34801e-05      283.362        4
   472        1  6.11333e-07  5.41028e-08     0.352591        1
   473     5712    0.0068714   0.00681806      44433.6       10
   474       68   7.7852e-05  7.21818e-05      470.413        9
   475       57  4.02475e-05  3.18372e-05      207.485        7
   476        1  9.34625e-07   7.7818e-07      5.07144        2
   477       11  1.30256e-05  1.19786e-05      78.0655        4
   478        3  1.37713e-06  6.51053e-07      4.24295        3
   479      520  0.000498498  0.000460029      2998.04        6
   480        1  1.26208e-06  6.03442e-07      3.93266        2
   481       48   6.1734e-05  5.95004e-05      387.767        3
   482       45  5.90794e-05  5.96336e-05      388.635        4
   483        9  1.03614e-05  9.22197e-06      60.1001        6
   484       11  8.75773e-06   8.0675e-06      52.5763        3
   485        1  1.31582e-07   7.8296e-08     0.510259        1
   486        3  1.72021e-06  1.11546e-06      7.26951        3
   487        1  3.50737e-07  2.21389e-08      0.14428        2
   488        1  7.39812e-07  3.91309e-07      2.55018        2
   489      113  0.000149789  0.000145947      951.147        3
   490      542   0.00115959   0.00117734      7672.78       10
   491     4363   0.00538511    0.0052815      34419.8       21
   492      170  0.000178969  0.000176043      1147.28        6
   493     1169   0.00121586   0.00117246      7640.96        5
   494      198  0.000581206  0.000591043      3851.86       17
   495        1  1.09479e-06  3.40743e-07      2.22064        2
   496       23  3.68692e-05  3.51838e-05      229.295        4
   497        1  3.25383e-07  9.15886e-08     0.596888        3
   498        1  1.97544e-06    4.036e-07      2.63029        2
   499        2  2.18091e-06  2.08582e-06      13.5934        2
   500        1   1.0969e-06  1.11316e-06      7.25452        2
   501       41  0.000135533   0.00013883       904.76        3
   502        1  4.96364e-06  4.66819e-06      30.4228        2
   503      185  0.000455824   0.00047176      3074.48        7
   504       11   6.5397e-06   5.7351e-06       37.376        1
   505       18  1.81137e-05  1.78078e-05      116.054        1
   506      239  0.000718778  0.000730694      4761.97       12
   507      128  0.000112569   0.00010569      688.788        3
   508      184  0.000415244   0.00042691       2782.2        6
   509        1  1.56607e-06  1.38618e-06      9.03382        2
   510       69  7.57841e-05   6.9354e-05      451.983       10
   511        1  1.48854e-06  8.66546e-07      5.64732        2
   512        1  8.23432e-07  7.44822e-07      4.85404        1
   513        1  1.97537e-07  3.95417e-07      2.57695        1
   514        1  9.89817e-08  7.05387e-08     0.459704        1
   515      268  0.000449733   0.00045291      2951.64        4
   516      116  9.39612e-05  9.73832e-05      634.652        5
   517       59  8.42628e-05  8.41719e-05      548.553        4
   518        1  4.24463e-07  3.74979e-07      2.44376        1
   519      395  0.000614702  0.000616047      4014.81        4
   520       70  0.000111593  0.000111735      728.182        5
   521       55  8.10605e-05   8.0022e-05      521.508        4
   522        1  1.33491e-06  1.33372e-06      8.69193        2
   523        3  1.05393e-05   1.0503e-05      68.4489        4
   524        1  4.57799e-06  4.57206e-06      29.7964        3
   525      173  0.000230896  0.000226466      1475.89        4
   526        1  3.94996e-06  3.86151e-06      25.1657        2
   527        1  2.43406e-07  7.69624e-08     0.501568        1
   528        1  1.22172e-06  1.23185e-06      8.02804        1
   529        8  7.52674e-06  7.29098e-06      47.5157        3
   530       51  4.60628e-05  4.28877e-05      279.501        2
   531        1  3.47453e-07  1.15865e-07     0.755097        1
   532        1  6.36209e-07   3.4067e-07      2.22016        2
   533        1  5.61711e-07  4.24811e-07      2.76851        3
   534        1  6.87667e-07  5.69004e-07      3.70823        2
   535        1  4.60103e-07  4.63984e-07      3.02381        3
   536        8  3.09008e-06  1.58706e-06      10.3429        2
   537        1  1.09016e-06  8.70242e-07      5.67141        2
   538        3  1.09077e-06  5.94506e-07      3.87443        2
   539        4  1.23687e-06  6.92925e-07      4.51583        3
   540        2  5.13687e-06  4.92376e-06      32.0884        3
   541       48  3.43145e-05  3.68499e-05      240.153       13
   542        1  5.36697e-07  2.81843e-07      1.83678        2
   543        8  2.76886e-06  2.03056e-06      13.2333        6
   544       16  8.47796e-06  9.43623e-06      61.4964        7
   545        1   4.7724e-07  4.13345e-07      2.69379        3
   546        1  4.12747e-07   3.5208e-07      2.29452        3
   547        1  6.47744e-07  3.33641e-07      2.17436        3
   548        2  2.07792e-06  1.27228e-06       8.2915        4
   549       16  7.60661e-06  3.66443e-06      23.8813        5
   550        1  1.69317e-07  1.26871e-07     0.826827        2
   551       19  1.35054e-05  1.18217e-05      77.0423        4
   552       23  1.84797e-05  1.33521e-05      87.0163        3
   553        1  5.87043e-07  5.17085e-07      3.36987        3
   554        1  4.22561e-07  2.51411e-07      1.63846        3
   555        2  2.08003e-06  1.77793e-06      11.5869        3
   556        1  5.59488e-07   4.2493e-07      2.76929        3
   557       23  1.65467e-05  1.28734e-05      83.8965        6
   558        2  1.06481e-06  9.80346e-07      6.38897        4
   559        1  6.73345e-07  6.47504e-07      4.21982        2
   560        1  4.89023e-07   2.8211e-07      1.83852        2
   561        1  4.05703e-07  1.02269e-07     0.666493        2
   562        1  1.18097e-06  8.26851e-07      5.38863        2
   563        1  1.08366e-06  9.67157e-07      6.30301        3
   564        2  2.49392e-06  2.13442e-06      13.9101        2
   565        9  1.31442e-05  1.24532e-05      81.1583        2
   566        2  2.26217e-06  2.23845e-06      14.5881        2
   567        5  7.17014e-06  6.91515e-06      45.0664        4
   568       72  3.75816e-05  3.73364e-05      243.323        3
   569       66  7.66868e-05  7.21109e-05       469.95        3
   570       69  0.000123616  0.000123291      803.495        3
   571      180  0.000278192  0.000269779      1758.16        6
   572      123  0.000298577  0.000299381      1951.08        5
   573        1  5.91026e-07  3.21369e-07      2.09438        1
   574        1  1.06313e-06  1.08828e-06      7.09239        2
   575     8790    0.0118244    0.0117606      76644.2       13
   576        1  1.24595e-07  1.72613e-07      1.12493        1
   577        1  2.42436e-06  1.40771e-06      9.17413        3
   578      286  0.000299587   0.00027969      1822.75        3
   579        1  7.81639e-07  5.59962e-07       3.6493        2
   580        1  3.00484e-06  2.28893e-06       14.917        2
   581        1  2.04824e-07  1.48769e-07     0.969537        1
   582     1137   0.00142967   0.00140694      9169.07       13
   583     8829    0.0102379    0.0100857      65728.8       14
   584      694  0.000674659  0.000652592      4252.98        7
   585        1  1.64492e-06  1.64195e-06      10.7007        2
   586      344  0.000340968   0.00033061       2154.6        5
   587        2  3.45278e-06  3.48393e-06       22.705        2
   588       54  7.06532e-05  6.95185e-05      453.056        2
   589     1379    0.0014499   0.00139986      9122.95        4
   590      224  0.000199625  0.000188962      1231.47       11
   591      844  0.000973927  0.000944445         6155       10
   592      595  0.000638401   0.00062064      4044.74        6
   593      174  0.000169285  0.000166109      1082.54        5
   594      164  0.000165891  0.000157515      1026.53       20
   595      271  0.000267579  0.000254366      1657.72        8
   596        1   4.4432e-07  3.73709e-07      2.43548        2
   597      389  0.000479372  0.000467107      3044.16        7
   598       32  2.66531e-05  2.55272e-05      166.362        7
   599       28  1.81637e-05  1.47134e-05      95.8879       10
   600       11  5.52469e-06  4.86098e-06      31.6793        2
   601       37  2.84205e-05  2.68485e-05      174.973        5
   602        1  6.09017e-07  3.69373e-07      2.40723        2
   603       12  1.11042e-05   1.1097e-05      72.3195        1
   604        1  6.54787e-07  2.87112e-07      1.87112        2
   605        1  3.62387e-07  9.93933e-08     0.647751        2
   606        7  2.91358e-06   1.6703e-06      10.8854        2
   607       28  2.04592e-05  1.58461e-05       103.27        6
   608        1  6.52197e-07  5.08311e-07      3.31269        2
   609       44  4.29291e-05  4.11304e-05      268.049        3
   610        2  1.31558e-06  7.49504e-07      4.88456        2
   611        1  4.42086e-07  3.94744e-07      2.57257        2
   612        4  2.21577e-06   1.3838e-06      9.01827        2
   613       33  1.90431e-05  1.07822e-05      70.2684        5
   614      187  0.000432766  0.000437572      2851.68        6
   615        1   2.4143e-07  7.39443e-08     0.481899        3
   616        1  2.51568e-07  4.90669e-08     0.319772        3
   617        1  1.78376e-06  8.19475e-07      5.34056        2
   618        1   7.4568e-07  7.58052e-07      4.94027        2
   619        1  5.41799e-07  4.34296e-07      2.83033        3
   620        3  8.00482e-07  5.79189e-07       3.7746        2
   621        1  2.48549e-07  4.93657e-08     0.321719        2
   622        7   3.5723e-06  3.47829e-06      22.6682        3
   623        3  3.74215e-06  2.72347e-06       17.749        2
   624        2  6.93184e-07  4.21348e-07      2.74595        3
   625        3  2.32277e-06  2.00691e-06      13.0791        3
   626        1   9.0665e-07  5.86932e-07      3.82506        2
   627     1237   0.00198493   0.00200073      13038.9        6
   628     7080     0.013697    0.0138315      90140.7        5
   629     2581   0.00361167   0.00360603      23500.7        4
   630     5145    0.0152349    0.0155077       101065       22
   631     9287    0.0290812    0.0297196       193684       21
   632     3268   0.00555367   0.00560274      36513.3        8
   633      732   0.00151654    0.0015306      9974.99        7
   634        1  1.75504e-06  1.88385e-06      12.2772        2
   635        1  9.59981e-07  9.98803e-07      6.50925        1
   636        1  1.48725e-06  1.41109e-06      9.19613        2
   637    41061    0.0795109    0.0803196       523447       16
   638        1  7.99059e-07  8.36735e-07      5.45304        3
   639        1  9.95754e-07  9.31095e-07      6.06799        2
   640    24287    0.0463196    0.0467755       304839       22
   641        1  2.17982e-06  2.27471e-06      14.8244        2
   642      149  0.000156675  0.000150699      982.115        5
   643      766   0.00133241   0.00133648      8709.89       15
   644      785  0.000748007  0.000703121      4582.27       11
   645      494  0.000501494  0.000450942      2938.82        6
   646        1  7.09503e-07  6.78895e-07       4.4244        2
   647       11  1.15371e-05  8.91979e-06      58.1307        2
   648      403  0.000601075  0.000575971      3753.64       12
   649      147   0.00014367  0.000129942      846.836        5
   650      360   0.00102329   0.00104705      6823.66        8
   651       41  7.44647e-05  7.40758e-05      482.756        2
   652        1  1.34127e-06  1.47562e-06      9.61666        1
   653     1849   0.00227019   0.00222971      14531.1        4
   654        1  1.27871e-06  1.28168e-06      8.35278        1
   655     2586   0.00249255   0.00240406      15667.4       13
   656      389  0.000593419  0.000591473      3854.66        4
   657      600  0.000946113  0.000951923      6203.74        6
   658     1518   0.00240069   0.00241254      15722.7        4
   659      643  0.000870899  0.000865483       5640.4       13
   660        1   3.1028e-07  1.72302e-07       1.1229        3
   661        1  1.46765e-06  1.03372e-06      6.73679        2
   662     4207    0.0148817    0.0152156      99160.7       28
   663       77  0.000145447  0.000146444      954.386        4
   664        8  1.01682e-05  9.96655e-06      64.9526        2
   665        2  7.22186e-07  5.46386e-07      3.56083        3
   666       51  7.06318e-05  6.89053e-05      449.059        4
   667       98  0.000124701   0.00012283      800.488        7
   668       90  6.54268e-05    5.311e-05      346.121        6
   669      526  0.000984983  0.000991054      6458.75        2
   670     1103   0.00119317   0.00115602      7533.85        4
   671        1  3.87246e-07  2.85738e-07      1.86217        2
   672      141  0.000177122  0.000173514       1130.8        4
   673      193  0.000206389  0.000200785      1308.53       11
   674     2814   0.00424894   0.00423694      27612.4        4
   675     1312    0.0013471   0.00130704      8518.05        4
   676       93  6.33626e-05  6.51852e-06      42.4815        6
   677      547   0.00047457  0.000417702      2722.18       15
   678       79  9.07581e-05  8.59771e-05      560.318        5
   679        2  1.24823e-06  9.06116e-07       5.9052        4
   680        6  5.20913e-06  5.10608e-06      33.2766        3
   681        4  2.63274e-06  2.53385e-06      16.5132        3
   682      172  0.000179594  0.000168098      1095.51       10
   683       28  3.60836e-05  3.35638e-05      218.737        4
   684       13  1.54477e-05  1.49053e-05      97.1386        5
   685        1  3.94189e-07  3.83104e-07      2.49671        2
   686        2  6.74732e-07  4.79426e-07      3.12445        3
   687       40  2.87758e-05  1.98406e-05      129.303        2
   688        1  8.07939e-07  6.15225e-07      4.00945        2
   689      297  0.000315892  0.000291959      1902.71        9
   690       20  1.51428e-05  1.18052e-05      76.9351        3
   691        1  3.25597e-07  1.17051e-07     0.762825        2
   692        1  3.35574e-07  1.10235e-07     0.718405        1
   693       32  2.87109e-05   4.9326e-05       321.46        2
   694        1  1.15918e-06  1.78326e-06      11.6216        1
   695        1  1.78726e-07  2.79204e-08     0.181959        2
   696        1   7.6442e-07  1.93964e-07      1.26407        2
   697       79   0.00015509  0.000156011      1016.73        3
   698      789   0.00100264  0.000971764      6333.03        6
   699      319  0.000537145  0.000531775      3465.61        4
   700       24   2.4811e-05  2.26342e-05      147.508        3
   701      868  0.000731504  0.000665902      4339.72       23
   702     2574    0.0038196   0.00380006      24765.2       10
   703    11348    0.0185675    0.0187092       121929       21
   704       26  2.00201e-05   1.7207e-05      112.139        4
   705       10  6.91351e-06  5.59988e-06      36.4947        4
   706       57  4.71487e-05  4.35818e-05      284.025       11
   707        1  6.35372e-07  6.46142e-07      4.21094        3
   708       32  2.75086e-05  2.66577e-05       173.73       10
   709        1  1.02049e-06  8.47341e-07      5.52217        2
   710        1  1.03551e-06  8.17429e-07      5.32723        3
   711        1  1.29445e-06   1.0933e-06      7.12509        3
   712        1  3.84456e-07  2.46994e-07      1.60967        2
   713        1  5.07721e-07  3.89588e-07      2.53897        2
   714      104  0.000103288  9.75339e-05      635.634        7
   715        1  5.95191e-07  5.29572e-07      3.45125        2
   716       10  6.25146e-06  3.17476e-06      20.6901        1
   717      129  0.000240091  0.000242085      1577.68        7
   718       36  5.92208e-05  5.91216e-05      385.298        4
   719        1   1.1759e-06  1.19462e-06      7.78542        2
   720      118  0.000142035  0.000143964      938.223        5
   721       11  1.24924e-05  1.21305e-05      79.0551        2
   722       68  9.13085e-05  8.95152e-05      583.375        7
   723       34  3.11329e-05  2.84174e-05      185.198        4
   724        2  3.18212e-06  2.12546e-06      13.8518        3
   725        1  1.44178e-06  1.44124e-06      9.39264        3
   726       10   1.0835e-05  1.00371e-05      65.4123        6
   727       87  5.83148e-05  4.96817e-05      323.779        6
   728        1  5.89098e-07  4.28793e-07      2.79447        2
   729       24  1.88589e-05  1.71098e-05      111.506        6
   730        1  6.62374e-07   7.1142e-07      4.63636        2
   731        4   3.0421e-06  2.89159e-06      18.8446        6
   732        1  8.34892e-07  8.51204e-07      5.54734        3
   733        2  1.06698e-06  1.03521e-06      6.74655        4
   734        1  1.26078e-07  4.79243e-08     0.312325        3
   735        1  7.94312e-08   8.1197e-08     0.529165        3
   736        1  3.80363e-07  6.41145e-07      4.17838        3
   737        1  1.40434e-06  7.59165e-07      4.94752        3
   738        2  1.01323e-06  1.08832e-06      7.09263        2
   739        1  3.69051e-07  3.62294e-07      2.36109        3
   740        1  7.52764e-07  7.38435e-07      4.81242        2
   741        1  1.09604e-06  7.28167e-07       4.7455        2
   742        1  1.35154e-06  1.48545e-06      9.68074        2
   743        1  2.07718e-07   1.5743e-07      1.02598        1
   744      330  0.000920501  0.000932368      6076.29        4
   745      166  0.000300064  0.000299584       1952.4        5
   746      931   0.00197576   0.00200483      13065.6       15
   747        1  3.53936e-06  3.37077e-06      21.9675        1
   748      253  0.000496263  0.000499787      3257.14        6
   749     5195    0.0106099    0.0107382      69981.2        9
   750        2   4.9543e-06  5.86026e-06      38.1917        2
   751        1  3.35035e-06  3.36859e-06      21.9533        2
   752     2527   0.00584897    0.0059471      38757.5       18
   753        2  5.41399e-06  4.41438e-06      28.7687        2
   754      152  0.000355897  0.000356081       2320.6        4
   755        1  1.30278e-06   1.2999e-06      8.47151        2
   756        1  2.01346e-06  2.02961e-06      13.2271        3
   757        1  2.70756e-06  2.87977e-06      18.7676        2
   758      363  0.000358641  0.000335877      2188.93       16
   759      890  0.000956006   0.00091217      5944.66       32
   760      258  0.000245366  0.000231305      1507.43        9
   761      622  0.000726239    0.0007018      4573.67       24
   762       17  2.08542e-05  1.92007e-05      125.132        2
   763        8  7.21459e-06  6.81068e-06      44.3855        2
   764      106  0.000152738  0.000146443      954.378        5
   765        8  1.13614e-05  1.13028e-05       73.661        2
   766       17  2.04987e-05  2.14122e-05      139.545        2
   767        1  1.08217e-06  1.00395e-06      6.54282        2
   768        9  1.21786e-05  1.16995e-05      76.2461        4
   769       13  8.58939e-06  7.99542e-06      52.1066        2
   770        1  1.34537e-06  1.21394e-06       7.9113        2
   771       79   0.00013102  0.000122801        800.3        4
   772        2  1.80225e-06  1.65022e-06      10.7546        2
   773       14  1.13565e-05  1.08527e-05      70.7274        2
   774       36  2.93483e-05   2.9022e-05      189.138        7
   775        1  7.69836e-07  6.13001e-07      3.99496        2
   776        3  1.88689e-06  1.60405e-06      10.4537        2
   777        3  1.52827e-06  1.50313e-06      9.79596        2
   778       10  1.04529e-05  9.21279e-06      60.0402        3
   779       18   2.0343e-05  1.94444e-05       126.72        3
   780        1  1.29872e-06  1.32257e-06      8.61923        2
   781      548    0.0004962  0.000462266      3012.61       28
   782       46   3.4251e-05  3.35075e-05       218.37        7
   783       14  2.24029e-05  2.21435e-05       144.31        4
   784        3  2.90419e-06  2.32113e-06      15.1269        2
   785        1  4.57098e-07  4.11637e-07      2.68266        1
   786        1  1.01546e-06  1.12699e-06      7.34468        2
   787     2398   0.00275471   0.00267891      17458.6       14
   788       26   2.4447e-05  2.16661e-05      141.199        5
   789        1  9.47152e-07  6.40869e-07      4.17658        2
   790      346  0.000374916  0.000358275       2334.9       14
   791      235  0.000213742  0.000207567      1352.73       12
   792       72  4.92256e-05  3.77606e-05      246.088        6
   793      632  0.000565188   0.00052744      3437.35       15
   794        1  3.67308e-07  2.53758e-07      1.65375        2
   795        1   4.9977e-07  7.33733e-08     0.478178        2
   796       86  7.04417e-05  6.48597e-05      422.694       10
   797        9  8.21957e-06  8.02052e-06      52.2702        3
   798        2  4.32447e-06  4.25894e-06      27.7557        3
   799        1  5.97933e-07  4.88467e-07      3.18337        2
   800       81  7.08633e-05  6.58799e-05      429.343        3
   801       13  9.57291e-06  5.28245e-06       34.426        3
   802        1  2.47694e-06  1.91788e-06      12.4989        2
   803        2  1.89206e-06  8.48236e-07        5.528        3
   804        1  7.25454e-07  4.52848e-07      2.95123        3
   805        4  2.31949e-06  1.76372e-06      11.4943        3
   806        2  1.87245e-06  1.91036e-06      12.4499        3
   807        1  7.32321e-07  6.94926e-07      4.52887        2
   808        8  5.40068e-06   3.7562e-06      24.4793        4
   809        1   4.0283e-07  1.74567e-07      1.13766        2
   810        6  5.46736e-06  5.35237e-06      34.8817        3
   811        1  4.59384e-07   2.1488e-07      1.40039        3
   812        2  2.18376e-06  1.56902e-06      10.2254        2
   813       12  7.95786e-06  6.60249e-06      43.0288        4
   814      198   0.00015799   0.00014278      930.504        7
   815      108  0.000169556  0.000165453      1078.26        5
   816        3  2.98373e-06  2.60316e-06       16.965        3
   817        1  2.81464e-07  1.43576e-07     0.935691        2
   818        1  3.40551e-07  2.54793e-07       1.6605        3
   819        1  2.40754e-07  1.98028e-07      1.29056        2
   820        4   1.4478e-06  6.59909e-07      4.30066        3
   821        1  4.58374e-07  4.04171e-07      2.63401        2
   822        1  4.27788e-07  2.73799e-07      1.78436        3
   823        1  1.31944e-06  1.23058e-06      8.01978        3
   824        2  2.53945e-06   2.4853e-06      16.1968        3
   825        8  1.26787e-05  1.23434e-05      80.4423        4
   826        5  4.34035e-06  4.06978e-06       26.523        4
   827        2  1.71628e-06  1.52496e-06      9.93825        3
   828        1  1.58964e-06  1.52314e-06      9.92638        2
   829        1  7.35536e-07  7.53719e-07      4.91203        1
   830      120  0.000144739  0.000137574      896.576        3
   831     3006   0.00291198   0.00277928      18112.7       23
   832       58  7.59712e-05  7.05707e-05      459.913        2
   833       23  2.45705e-05    2.219e-05      144.614        2
   834        1  7.46683e-07   6.0984e-07      3.97436        2
   835        4  5.15914e-06  5.76954e-06      37.6004        3
   836        1  9.15357e-07  9.39947e-07      6.12569        2
   837        1  5.65369e-07  5.21977e-07      3.40175        2
   838        1  1.55225e-06  1.26957e-06      8.27383        2
   839      193  0.000197482  0.000191981      1251.15       18
   840      381  0.000385361  0.000367375       2394.2       23
   841        6  5.46885e-06  4.69787e-06      30.6163        3
   842      117  0.000116944  0.000110505      720.165       19
   843       63  4.01218e-05  3.00889e-05      196.091        6
   844      114  9.53846e-05   8.8875e-05      579.203       13
   845       14  1.66202e-05  1.64422e-05      107.155        5
   846       14   1.3625e-05  1.27673e-05       83.205        4
   847       33  2.59744e-05  1.88385e-05      122.771        7
   848       24  2.15803e-05  1.89841e-05       123.72        7
   849       67  8.70834e-05  8.68596e-05      566.069        8
   850       67  4.75196e-05  3.63629e-05      236.979        5
   851       10   8.5588e-06  8.18597e-06      53.3484        3
   852     2453   0.00260523   0.00249256      16244.1       18
   853        1  4.07401e-07  2.89592e-07      1.88729        2
   854       20  1.72901e-05  1.61109e-05      104.995        3
   855       41   3.6783e-05  3.45763e-05      225.335        6
   856       19  1.31528e-05  8.20438e-06      53.4684        5
   857      267  0.000246895  0.000219969      1433.55       22
   858       44  3.63192e-05  3.09805e-05      201.902        9
   859       78  6.19451e-05  4.54742e-05      296.358        5
   860       32  3.54419e-05   3.3028e-05      215.245        5
   861       12  1.53777e-05  1.50043e-05      97.7836        2
   862      118  0.000120892  0.000118558      772.648       15
   863       20   2.5257e-05  2.30128e-05      149.975        3
   864       10  1.05435e-05  9.74959e-06      63.5386        3
   865      104  7.71909e-05  6.77204e-05      441.338        8
   866      312  0.000318783  0.000303122      1975.46       19
   867       20  1.66256e-05  1.52891e-05      99.6398        2
   868       20  1.49304e-05   1.4053e-05      91.5839        3
   869       56  4.63542e-05  4.10727e-05      267.673        7
   870       52  8.51523e-05  8.21901e-05      535.638        7
   871        1  5.41165e-07   9.3826e-08     0.611469        2
   872      170  0.000427799   0.00043531      2836.94       13
   873       27   2.9909e-05  2.80145e-05      182.572        3
   874       14  1.83906e-05  1.76903e-05      115.289        3
   875        1  3.83575e-07  3.40017e-07      2.21591        3
   876       80  7.25318e-05  6.93513e-05      451.966        5
   877       45  5.81483e-05  5.53994e-05      361.041        8
   878       11  1.20019e-05  1.13419e-05      73.9157        3
   879        1  1.49531e-06   1.4133e-06      9.21055        3
   880        9  9.36057e-06  9.09529e-06      59.2745        4
   881        2  1.53887e-06   1.1298e-06      7.36295        3
   882      207  0.000415327   0.00042492      2769.23        9
   883       17  1.37212e-05  1.16936e-05      76.2076        5
   884      152  0.000125981  0.000113443      739.317        7
   885       33  2.69169e-05  2.16759e-05      141.263        4
   886        1  8.33278e-07  7.23493e-07      4.71504        2
   887       13  8.67259e-06  7.44763e-06      48.5366        4
   888       16  1.26006e-05  1.05574e-05      68.8029        5
   889      532  0.000460426  0.000431478      2811.96        5
   890        2  2.09088e-06  1.21062e-06      7.88969        3
   891        1  6.29741e-07  4.64834e-07      3.02935        3
   892      130  0.000146025  0.000142081       925.95        7
   893       11  1.03226e-05  9.52718e-06      62.0891        3
   894      230  0.000442976  0.000435345      2837.17        8
   895       90  8.49596e-05  7.66934e-05      499.815       10
   896       90  9.32143e-05  8.72314e-05      568.492        8
   897        4  3.48506e-06  2.40252e-06      15.6573        3
   898      213  0.000294833  0.000286053      1864.22        4
   899       22  1.94546e-05  1.76699e-05      115.156        3
   900        1  4.99772e-07  4.62552e-07      3.01448        2
   901      143  0.000171794   0.00016546      1078.31        6
   902      193  0.000222962  0.000207443      1351.92        3
   903        4  1.19111e-06  2.32273e-07      1.51373        1
   904        9  8.27536e-06  8.20934e-06      53.5007        4
   905      134  0.000181198  0.000181842      1185.07        8
   906        4  3.61872e-06  3.21545e-06      20.9553        2
   907       55  4.11718e-05  3.77278e-05      245.874        4
   908       77  8.64516e-05  8.66046e-05      564.407        7
   909        1  5.28054e-07  3.63694e-07      2.37021        2
   910       18   1.0647e-05  7.26835e-06      47.3682        3
   911       12  8.13258e-06  6.25368e-06      40.7556        3
   912       11  1.08608e-05   1.0126e-05      65.9914        5
   913        1  5.29731e-07  3.28747e-07      2.14246        1
   914       28  3.59994e-05  3.46312e-05      225.693        5
   915       12  9.32116e-06  8.79008e-06      57.2854        3
   916        8  7.12424e-06  6.15189e-06      40.0922        3
   917       60  5.49435e-05  4.87485e-05      317.697       10
   918       11  4.33627e-06      3.6e-06      23.4614        5
   919        6  5.16438e-06  5.08208e-06      33.1202        3
   920        1  7.11607e-07  5.29723e-07      3.45224        2
   921        1  4.26228e-07  3.23312e-07      2.10704        2
   922       12  9.35024e-06  7.92767e-06       51.665        5
   923        1  5.25567e-07  4.58402e-07      2.98743        2
   924       67  6.58525e-05  6.40021e-05      417.105        5
   925       38  4.11507e-05  3.88206e-05      252.996        4
   926       81  9.14519e-05   8.5753e-05      558.857       12
   927        1  3.99944e-07  2.86747e-07      1.86875        3
   928        1  1.03836e-06  8.39238e-07      5.46936        3
   929      154  0.000135818  0.000124935      814.208        8
   930      170  0.000372827  0.000386035      2515.81        7
   931       37  2.13314e-05  1.74461e-05      113.697        3
   932        1  1.29367e-06   9.4473e-07      6.15686        3
   933        1  7.87681e-07  7.67131e-07      4.99943        3
   934       15  1.01498e-05  8.73012e-06      56.8947        4
   935       10    8.817e-06  7.73345e-06      50.3993        4
   936        1  1.65979e-06  1.48704e-06      9.69115        2
   937       33  2.36962e-05  2.03241e-05      132.453        4
   938       27  1.41251e-05  1.06361e-05      69.3159        3
   939       16  1.61976e-05  1.60273e-05      104.451        4
   940        2   6.3743e-07  5.62021e-07      3.66272        1
   941       29  2.44835e-05   2.0567e-05      134.036        6
   942       16   1.0347e-05  6.34324e-06      41.3392        3
   943       56  4.18532e-05   3.4024e-05      221.736       10
   944        9  7.58503e-06  6.58142e-06      42.8915        2
   945       49  6.20831e-05  6.01607e-05       392.07        8
   946       12  9.19325e-06  8.77416e-06      57.1817        6
   947        1  3.70101e-07  3.48295e-07      2.26986        2
   948        1  1.13448e-06  8.31388e-07       5.4182        3
   949        1  6.89005e-07   5.4417e-07      3.54639        2
   950       13  1.79974e-05   1.8078e-05      117.815        4
   951       44  4.47961e-05  4.17226e-05      271.908        9
   952       37  2.96682e-05  2.28341e-05      148.811        6
   953      669   0.00147456    0.0014871      9691.51        7
   954        1  1.32035e-06  5.65743e-07      3.68697        3
   955        1  7.13037e-07  6.40306e-07      4.17291        2
   956       19  1.93763e-05   1.8078e-05      117.815        8
   957        7  4.21939e-06  3.98612e-06      25.9778        6
   958        1   2.7761e-07  2.25064e-07      1.46675        3
   959        2  1.40184e-06  1.10476e-06      7.19976        3
   960        1  8.69587e-07  8.55366e-07      5.57446        2
   961       10  9.03439e-06  9.21537e-06      60.0571        5
   962       14  1.43599e-05  1.37679e-05      89.7263       10
   963        6  4.30749e-06  3.18223e-06      20.7388        5
   964        5  3.97434e-06  3.81069e-06      24.8345        4
   965       10  1.35089e-05  1.35709e-05      88.4423        5
   966        2  1.85793e-06   1.1889e-06      7.74814        3
   967        2  8.63735e-07   7.1268e-07      4.64457        2
   968        8  5.01702e-06  4.40813e-06       28.728        4
   969        1  1.14433e-06  5.18061e-07      3.37623        3
   970        1  5.64699e-07  5.66101e-07      3.68931        2
   971        1  6.59201e-07   3.9502e-07      2.57437        3
   972        1  1.44079e-06  9.41485e-07      6.13571        2
   973        7  5.78291e-06  5.03995e-06      32.8456        3
   974       19  2.12987e-05   2.0349e-05      132.616        4
   975        1  1.04705e-06  9.00007e-07      5.86539        2
   976        8  8.89921e-06  8.34838e-06      54.4069        4
   977        5  6.47932e-06  6.45121e-06      42.0429        2
   978        6  5.11311e-06  4.97814e-06      32.4428        2
   979        1  4.25993e-07  2.92242e-07      1.90456        2
   980       11  1.00448e-05  9.60128e-06       62.572        4
   981        7  9.24339e-06  8.72727e-06      56.8761        2
   982        5  2.47978e-06   1.5826e-06      10.3139        3
   983        1  4.41628e-07  7.63077e-08     0.497301        2
   984        1  4.79677e-07  3.40375e-07      2.21824        2
   985        1  2.60486e-06  1.49299e-06      9.72986        3
   986        1  8.74492e-07  1.10986e-06      7.23303        3
   987        1  1.63494e-06  1.34528e-06      8.76726        3
   988       16  1.71776e-05  1.64322e-05      107.089        5
   989        7  6.35928e-06  5.63673e-06      36.7349        3
   990        1  5.15095e-07  1.29983e-07     0.847106        2
   991        1  1.65595e-06  1.67899e-06      10.9421        2
   992        1  3.47118e-07  4.42398e-07      2.88313        3
   993        1  5.53839e-07  5.23253e-07      3.41007        2
   994        3  2.15434e-06  7.46704e-07      4.86631        3
   995        4  1.77079e-06   1.0264e-06      6.68909        4
   996        1  6.73562e-07  1.40737e-07     0.917189        2
   997       10  1.45909e-05   1.5073e-05      98.2315        3
   998        1  6.92616e-07  4.76636e-07      3.10626        3
   999        1  4.94186e-07  4.27837e-07      2.78824        3
  1000        9  1.21913e-05  1.18816e-05      77.4328        3
  1001        1  1.05008e-06  1.00662e-06      6.56021        3
  1002        7  7.72228e-06  5.77502e-06      37.6361        3
  1003        6  7.88915e-06  7.15908e-06      46.6561        3
  1004        1   1.0293e-06  9.63931e-07      6.28199        3
  1005        2  8.42129e-07  7.93107e-07      5.16872        3
  1006        1  8.76975e-08  5.78464e-08     0.376988        3
  1007        1  7.36584e-07  6.95318e-07      4.53142        3
  1008        2  2.80637e-06  2.74934e-06      17.9176        2
  1009        1  5.79719e-07  4.82834e-07      3.14666        3
  1010        1  1.49761e-06  1.53947e-06      10.0328        2
  1011        2  1.56706e-06  1.34652e-06      8.77536        3
  1012     4383   0.00598566   0.00595115        38784        5
  1013      209  0.000226014  0.000216083      1408.22       11
  1014      714  0.000681232  0.000641999      4183.94       14
  1015       22  2.11673e-05  2.07077e-05      134.953        3
  1016       51  5.98959e-05  5.89357e-05      384.087        7
  1017       16  1.93827e-05  1.91276e-05      124.656        4
  1018       48  4.41969e-05  4.46357e-05      290.893        4
  1019        1  7.90023e-07  7.68042e-07      5.00537        2
  1020       10  7.52453e-06  6.71518e-06      43.7632        6
  1021      141  0.000154929  0.000151234      985.599       12
  1022        9  7.50832e-06   7.3337e-06      47.7941        3
  1023        7  6.76766e-06  5.61264e-06      36.5779        4
  1024       61   5.0018e-05   4.5813e-05      298.566       10
  1025        1   7.9253e-07   6.8887e-07       4.4894        2
  1026        1  1.25096e-06  7.69827e-07      5.01701        2
  1027       53  4.89616e-05   4.5444e-05      296.161        3
  1028      149  0.000133735  0.000124108      808.821        8
  1029       17  2.04496e-05  2.00792e-05      130.857        3
  1030       39  3.04276e-05   2.8615e-05      186.485        5
  1031        6  2.52501e-06  1.05933e-06      6.90371        2
  1032        1  2.56444e-07  2.02116e-07       1.3172        3
  1033        1  3.99422e-07  3.46868e-07      2.26056        3
  1034        2  7.70952e-07  6.47956e-07      4.22276        3
  1035        1  4.28466e-07   2.1089e-07      1.37438        3
  1036        4   4.7869e-06  4.81175e-06      31.3584        1
  1037        1  5.38061e-07  5.26595e-07      3.43185        2
  1038        8  7.84997e-06  7.81905e-06      50.9571        3
  1039        1  6.81201e-07  6.68179e-07      4.35456        3
  1040        1   5.5068e-07  4.31302e-07      2.81082        2
  1041        2  1.17663e-06  3.41759e-08     0.222726        3
  1042        4  1.74376e-06  1.08776e-06      7.08898        2
  1043        1  5.96341e-07  1.63005e-07      1.06231        1
  1044        1   6.7581e-07  6.87726e-07      4.48195        2
  1045        1  2.87929e-07  2.34406e-07      1.52764        1
  1046        1  6.39174e-07  5.98262e-07       3.8989        2
  1047        1  1.16877e-06  9.64505e-07      6.28573        2
  1048        1  6.59023e-07   6.0949e-07      3.97208        2
  1049        2    1.247e-06  8.43196e-07      5.49515        3
  1050        2  1.08878e-06  9.66484e-07      6.29863        3
  1051        1  2.11755e-07  5.19387e-08     0.338487        2
  1052        3  2.13473e-06  1.89984e-06      12.3814        3
  1053      937  0.000894572  0.000845926      5512.95       10
  1054       22  2.13623e-05  1.87462e-05       122.17        3
  1055      383  0.000343885  0.000324882      2117.27        6
  1056       29  2.64136e-05  2.58164e-05      168.247        2
  1057     2324   0.00253547   0.00245694        16012       18
  1058     3561   0.00415995     0.004063      26478.8       13
  1059      186  0.000423299  0.000416326      2713.22       22
  1060       84  8.12811e-05  7.63873e-05       497.82        4
  1061      485  0.000451361  0.000411709      2683.13        8
  1062     2186   0.00250404   0.00246557      16068.3        6
  1063        1  4.24593e-07  6.32164e-08     0.411984        1
  1064       88  8.14397e-05  7.16055e-05      466.657        8
  1065       60  7.96762e-05  7.74937e-05       505.03        4
  1066       48  3.91564e-05  3.44153e-05      224.286        4
  1067      216  0.000211886  0.000206575      1346.26       12
  1068        6  4.35058e-06  4.06414e-06      26.4862        3
  1069       12  7.89873e-06  6.24885e-06      40.7241        4
  1070        1  7.14863e-07  6.58923e-07      4.29424        2
  1071        1  7.73125e-07  4.70832e-07      3.06843        2
  1072       51  4.39487e-05  3.92586e-05       255.85        3
  1073        1  5.56469e-07  5.58115e-07      3.63726        2
  1074        1  8.44014e-07  2.67994e-07      1.74653        2
  1075        6  3.21864e-06  1.98483e-06      12.9352        3
  1076        1  2.44532e-07  7.10569e-09    0.0463082        2
  1077       19  1.34734e-05  1.11198e-05      72.4686        3
  1078        1  5.72024e-07  2.26936e-07      1.47895        1
  1079        1  2.98578e-07  1.61271e-07      1.05101        3
  1080        1  3.26477e-07  2.01509e-07      1.31325        3
  1081      390  0.000818027  0.000832531      5425.65        7
  1082      391  0.000580538   0.00057043      3717.52        8
  1083        2  7.65034e-07   2.0448e-07       1.3326        1
  1084       24  2.59305e-05  2.37561e-05       154.82        5
  1085        1  3.13924e-07   2.0475e-07      1.33437        2
  1086       12  6.82128e-06  5.28548e-06      34.4458        5
  1087        1  1.27353e-06  1.29988e-06      8.47136        1
  1088        2  1.90103e-06  2.88832e-06      18.8233        2
  1089        4  3.68087e-06  2.91027e-06      18.9664        3
  1090        1  5.98262e-07   7.3304e-07      4.77726        1
  1091        1  4.36739e-07  2.64782e-07       1.7256        1
  1092        2  5.46484e-07  3.47571e-07      2.26514        1
  1093        1  7.75738e-07  5.94567e-07      3.87482        2
  1094        1  1.36144e-06  1.09598e-06      7.14255        1
  1095        1  1.59379e-06  1.46739e-06      9.56303        2
  1096        1  7.74735e-07  1.07909e-07     0.703249        2
  1097        1  5.67614e-07  3.38556e-07      2.20639        2
  1098       79  0.000141553  0.000143092      932.537        3
  1099     3819   0.00650098   0.00654596      42660.4        9
  1100        1  9.77764e-07  8.93022e-07      5.81987        2
  1101      794   0.00170888   0.00173265      11291.8        8
  1102       87  0.000124468  0.000122947      801.251        4
  1103       44  7.39506e-05  7.36376e-05        479.9        3
  1104        3  5.81443e-06  5.59937e-06      36.4914        2
  1105      166  0.000245416  0.000244377      1592.62        7
  1106       94  0.000134016  0.000134041      873.555        5
  1107        8   7.9502e-06  7.32522e-06      47.7389        2
  1108        1  3.53564e-07  3.19001e-07      2.07895        2
  1109        1  1.70211e-07  1.31029e-07     0.853924        2
  1110        1   4.5122e-07  3.51079e-07        2.288        1
  1111     2238   0.00346514   0.00342394        22314        3
  1112      394  0.000830922  0.000843723      5498.59        3
  1113    31766    0.0497382    0.0498729       325024       16
  1114      234  0.000203473   0.00019336      1260.14       11
  1115        3  2.68672e-06  3.76622e-06      24.5446        2
  1116        1  9.37561e-07  8.12671e-07      5.29622        2
  1117      595  0.000838291  0.000841586      5484.66       10
  1118     1844   0.00214738    0.0020994      13681.9       11
  1119      128  9.40484e-05  8.61268e-05      561.293        6
  1120      490  0.000590527   0.00057957      3777.09        7
  1121       32    4.789e-05  4.80243e-05      312.977        3
  1122        1  6.42734e-07  4.97863e-07       3.2446        2
  1123      166  0.000282269  0.000279221       1819.7        7
  1124      376  0.000360002  0.000321775      2097.02        4
  1125        1   5.5552e-07  5.36878e-07      3.49886        2
  1126       84  5.15016e-05  3.14355e-05      204.867        4
  1127       10   7.5687e-06  6.66552e-06      43.4396        3
  1128        1   4.5128e-07  2.99933e-07      1.95468        2
  1129        1  3.41615e-07  1.43437e-07     0.934786        1
  1130        1  6.29555e-07  5.84054e-07      3.80631        2
  1131        1   6.9082e-07  1.27329e-07     0.829811        2
  1132        2  1.16499e-06  9.48002e-07      6.17818        2
  1133        4  5.20175e-06  5.12331e-06      33.3889        3
  1134        1  8.17358e-07  6.75369e-07      4.40142        3
  1135        8   9.4964e-06  8.38633e-06      54.6541        5
  1136      504  0.000751959  0.000753265      4909.07        7
  1137      116  0.000308832   0.00031491      2052.28        7
  1138      316  0.000383132  0.000378634      2467.58        4
  1139      389  0.000430478  0.000426621      2780.31        6
  1140     2274   0.00350683   0.00348867      22735.9        9
  1141        3  3.04685e-06  1.77041e-06      11.5378        1
  1142      373  0.000406202  0.000392786      2559.81       15
  1143      320  0.000309558  0.000289334      1885.61       10
  1144       91  0.000108714  0.000107884      703.086        4
  1145       92   0.00011181  0.000110781      721.966        5
  1146        1  3.25908e-07  1.80332e-07      1.17524        1
  1147        2  2.61269e-06  7.75459e-07      5.05371        1
  1148      898   0.00196097    0.0019865      12946.1        9
  1149        1   9.0963e-07  5.64737e-07      3.68042        1
  1150        1  1.99627e-06  1.47516e-06      9.61372        2
  1151       28  7.78969e-05  5.95844e-05      388.314        4
  1152        1  3.89846e-07  6.99259e-07      4.55711        1
  1153        1  3.36547e-07  3.29379e-07      2.14658        1
  1154     7577    0.0100675    0.0100115      65245.7        9
  1155     2078   0.00238112   0.00230205      15002.6        5
  1156     8188    0.0113276    0.0112787      73503.8        7
  1157        1  3.67686e-07  1.05851e-07     0.689836        1
  1158     6440    0.0108382     0.010899      71029.2        6
  1159        1  6.58253e-06  7.60945e-06      49.5912        1
  1160      318  0.000282778  0.000249059      1623.13        7
  1161       81  9.35724e-05  9.17383e-05      597.863        5
  1162       94  0.000147435  0.000143853      937.497       11
  1163      720   0.00122667   0.00123269       8033.5        8
  1164        9  6.10719e-06  5.30047e-06      34.5434        3
  1165       15  1.41147e-05  1.31683e-05      85.8185        5
  1166       56  5.65003e-05  5.57026e-05      363.017        2
  1167      167  0.000364538  0.000375639      2448.06        3
  1168       60  0.000115454  0.000120615      786.054        4
  1169        1  3.49697e-07  3.03059e-07      1.97505        2
  1170       31   5.8317e-05  5.66768e-05      369.366        9
  1171       11  1.92615e-05  1.90408e-05       124.09        4
  1172       16  1.22223e-05  8.34358e-06      54.3756        4
  1173       18  1.67967e-05  1.52246e-05      99.2197        5
  1174        1  1.65972e-06  1.39013e-06      9.05955        3
  1175        6  6.98915e-06   6.7609e-06      44.0611        4
  1176       36  5.84385e-05  5.72831e-05      373.317        8
  1177        1    7.807e-07  7.87899e-07      5.13478        2
  1178        1  4.34634e-07  4.32671e-07      2.81974        3
  1179       28  4.79164e-05  4.82038e-05      314.146        4
  1180        1  1.19863e-06  1.09141e-06      7.11277        2
  1181        6  6.93772e-06   6.7451e-06      43.9581        3
  1182        1  1.45708e-06  1.42149e-06      9.26394        3
  1183        1  6.00187e-06  5.71667e-06      37.2558        3
  1184        5   1.3776e-05  1.36784e-05       89.143        3
  1185        1  3.44473e-06  1.79298e-06      11.6849        2
  1186       18   7.7581e-05  7.75466e-05      505.375        5
  1187        9   2.4339e-05  2.34847e-05      153.051        3
  1188       11  3.98438e-05  4.11934e-05      268.459        5
  1189        1  3.92826e-06  3.94664e-06      25.7205        3
  1190        1  2.28867e-06  2.23538e-06      14.5681        2
  1191        1  9.75872e-07  9.68323e-07      6.31061        2
  1192      228  0.000238063  0.000223669      1457.66       19
  1193       12  1.11464e-05   8.5258e-06      55.5631        2
  1194        2   8.2905e-07  8.09003e-07      5.27232        2
  1195      421  0.000561216  0.000556847         3629        8
  1196        1  1.40451e-06  1.35118e-06      8.80571        3
  1197        1  1.38813e-06   1.4013e-06      9.13235        2
  1198        9  7.45719e-06   6.6595e-06      43.4003        5
  1199        8  4.62914e-06  3.19087e-06      20.7951        3
  1200        7  3.23999e-06  2.46228e-06      16.0468        6
  1201        1  7.32441e-07   3.1272e-07      2.03801        2
  1202        3  1.29019e-06  6.38865e-07      4.16352        5
  1203        2  2.10472e-06  7.43459e-07      4.84516        3
  1204        5  2.27179e-06  1.39893e-06      9.11687        3
  1205        1  6.88357e-07  2.09181e-07      1.36324        3
  1206        1  3.67745e-07  8.02744e-08     0.523153        1
  1207        1  7.68084e-07  3.31412e-07      2.15983        2
  1208        1  8.02952e-07  7.62405e-07      4.96863        3
  1209      157  0.000167614  0.000154972      1009.96       13
  1210        1  7.27779e-07  7.03041e-07      4.58175        2
  1211        1  1.56982e-06  1.61106e-06      10.4994        2
  1212        1  7.36478e-07  6.66557e-07      4.34398        2
  1213        1  1.07922e-06   5.4808e-07      3.57187        2
  1214       16   1.2989e-05  1.24833e-05      81.3542        4
  1215        1   8.9901e-07  9.32654e-07      6.07815        2
  1216        1  1.14207e-06  9.16219e-07      5.97105        2
  1217        1  2.13361e-06  1.96779e-06      12.8242        2
  1218        2  1.71856e-06  2.02978e-07      1.32282        2
  1219        1  7.55617e-07  9.05824e-07      5.90331        2
  1220       15  1.51844e-05  1.34696e-05      87.7818        3
  1221       58  3.92312e-05  3.32675e-05      216.806        5
  1222       82  7.26407e-05  6.76455e-05      440.849        8
  1223       14  7.47445e-06  6.90992e-06      45.0323        4
  1224       23  2.02579e-05  1.92126e-05      125.209        5
  1225        1  6.83578e-07  5.80406e-07      3.78254        2
  1226       27  1.87987e-05  1.31672e-05      85.8114        6
  1227       67  7.60227e-05  7.39231e-05      481.761       14
  1228       67  8.11436e-05  7.92927e-05      516.755        6
  1229       98  9.74463e-05  9.48247e-05      617.977        5
  1230        7  6.37643e-06  6.27312e-06      40.8823        4
  1231        2  1.99225e-06   1.3472e-06      8.77978        3
  1232       16  1.00773e-05   8.3513e-06      54.4259        3
  1233        1  4.49103e-07   1.6796e-07      1.09461        2
  1234        1   6.3332e-07    5.981e-07      3.89785        2
  1235        1  5.44184e-07  1.12118e-07     0.730679        2
  1236       28  5.16586e-05  5.18872e-05      338.152        5
  1237        1  1.26178e-06  1.28538e-06      8.37688        2
  1238        1  1.78054e-06  1.81269e-06      11.8134        2
  1239      416  0.000395358  0.000375236      2445.43        8
  1240      202  0.000179802  0.000162211      1057.14        7
  1241       14  1.40895e-05   1.3472e-05      87.7977        2
  1242       24  3.03307e-05  2.91911e-05       190.24        4
  1243       65   5.7264e-05  5.07869e-05      330.981        7
  1244       21  2.19679e-05   1.9314e-05       125.87        4
  1245       56  5.14948e-05  4.76374e-05      310.455       10
  1246        1  4.79942e-07  1.37651e-07     0.897076        3
  1247        4  9.48299e-07  7.74845e-07      5.04971        3
  1248        5  1.34054e-06  1.03248e-06      6.72874        3
  1249        9  6.94885e-06  5.51225e-06      35.9236        2
  1250        1  8.73206e-08  7.64161e-08     0.498008        3
  1251        1  1.17879e-06  5.16406e-07      3.36544        2
  1252     5011   0.00577368   0.00568342      37039.2        6
  1253     4393   0.00952566    0.0096448      62855.6        6
  1254      229  0.000312957  0.000307566      2004.42        3
  1255     1873   0.00327989   0.00330928      21566.8        6
  1256        1  1.07757e-06  1.04739e-06      6.82588        2
  1257      659  0.000951485  0.000938688      6117.48        6
  1258      773  0.000895882  0.000882282      5749.88        4
  1259     5633   0.00675949   0.00666486      43435.3        6
  1260        1  1.14882e-06  1.24227e-06      8.09596        3
  1261    18080    0.0294566    0.0296031       192925        9
  1262        1  1.83544e-06  1.79525e-06      11.6997        2
  1263     1492    0.0017431   0.00169589      11052.2        7
  1264        1  1.46563e-06  1.30783e-06      8.52318        3
  1265        1  1.70336e-06  1.79076e-06      11.6705        2
  1266     8454   0.00996976   0.00979395      63827.7        7
  1267        2  6.89161e-07  1.90886e-07      1.24401        1
  1268      120   0.00010903  0.000103682      675.699        9
  1269       31  1.98074e-05  1.72528e-05      112.437        9
  1270        1  4.39842e-07  2.07179e-07      1.35019        3
  1271       56  3.95167e-05   3.5062e-05      228.501       12
  1272       16  1.35088e-05   1.2139e-05      79.1105        2
  1273        2  1.43852e-06  1.00555e-06       6.5532        2
  1274        4  1.66562e-06  1.15073e-06      7.49939        3
  1275        1  1.00803e-06  8.31952e-07      5.42188        3
  1276        1  1.30894e-06   9.8763e-07      6.43644        2
  1277       40  6.88098e-05  6.75439e-05      440.187        4
  1278       57  6.87218e-05  6.85804e-05      446.942        4
  1279        1  2.94458e-06  1.98106e-06      12.9106        2
  1280      135  0.000183969  0.000176024      1147.16        5
  1281       45  4.05464e-05  4.00299e-05      260.877        6
  1282       45  2.23284e-05  8.60272e-06      56.0644        8
  1283        2  8.08243e-07  6.32442e-07      4.12166        2
  1284        2  9.52651e-07    5.294e-07      3.45013        3
  1285        2  6.41189e-07  4.25232e-07      2.77126        2
  1286        1  7.81871e-07  6.40401e-07      4.17353        2
  1287        5  2.40043e-06  2.05072e-06      13.3646        3
  1288        1  4.27418e-07  2.07968e-07      1.35534        3
  1289        2  1.16499e-06  1.71658e-06      11.1871        3
  1290        1  3.97713e-07  8.26946e-08     0.538925        3
  1291        1    6.187e-07   2.4322e-07      1.58507        3
  1292        1  1.72109e-06  1.61905e-06      10.5515        2
  1293        1   2.7544e-06  1.76891e-06      11.5281        2
  1294        1  4.02477e-06  4.05372e-06      26.4183        2
  1295      323   0.00033327  0.000321538      2095.48        7
  1296        6   1.9543e-05  2.03447e-05      132.587        2
  1297       13  1.01778e-05  9.21417e-06      60.0492        4
  1298        1  3.58798e-07  1.68889e-07      1.10066        2
  1299        2  1.21036e-06  8.54091e-07      5.56615        3
  1300       89  6.21627e-05  4.42455e-05       288.35        4
  1301      271  0.000277479  0.000259935      1694.01       13
  1302       52   3.3801e-05  1.39502e-05      90.9144        5
  1303       72   7.2922e-05  6.62086e-05      431.485        4
  1304        1  1.63715e-06  1.68703e-06      10.9944        2
  1305        1  1.54954e-06  1.53325e-06      9.99229        3
  1306        1  2.79031e-07   1.0916e-07     0.711399        1
  1307       72  5.41875e-05  4.31095e-05      280.947        4
  1308        1  9.11098e-07  1.02352e-06      6.67036        2
  1309     1147   0.00127181    0.0012033      7841.97       20
  1310        3  2.56982e-06  2.40651e-06      15.6833        2
  1311      146  0.000148414  0.000135617      883.823        3
  1312      291  0.000332783  0.000317008      2065.96       17
  1313       46  3.88982e-05   3.3462e-05      218.074        4
  1314       47   4.6843e-05  4.32147e-05      281.632        9
  1315      315  0.000320319  0.000292743      1907.82       10
  1316        3  1.35002e-06  1.94058e-07      1.26469        1
  1317       90  8.16621e-05  7.31539e-05      476.748        6
  1318      422  0.000344144  0.000310931      2026.35       15
  1319       82  7.23618e-05  5.86713e-05      382.364        4
  1320      159  0.000203486  0.000198349      1292.65       11
  1321       37  2.77629e-05  2.64072e-05      172.097        6
  1322       13  1.36668e-05  1.31044e-05      85.4024        4
  1323        4  7.02789e-06  7.03639e-06      45.8565        3
  1324        1  2.19259e-06  1.67528e-06      10.9179        2
  1325       10  5.94513e-06  5.02871e-06      32.7724        4
  1326        2  1.40567e-06  7.83782e-07      5.10795        4
  1327        4  2.70629e-06  3.52338e-06      22.9621        5
  1328       17  1.48893e-05  1.21979e-05      79.4945        6
  1329        2  3.89505e-07  3.67266e-07      2.39349        2
  1330        1  8.47941e-07  1.41665e-07     0.923237        2
  1331        6  4.01682e-06  3.32269e-06      21.6541        4
  1332       11  9.80396e-06   8.6375e-06       56.291        5
  1333        2  1.37641e-06  1.37952e-06      8.99039        2
  1334        9  1.06084e-05  9.84518e-06      64.1616        3
  1335        2  8.92183e-07  5.89436e-07      3.84139        1
  1336        1  4.91696e-07  2.09915e-07      1.36803        2
  1337       45  3.07141e-05  2.22424e-05      144.955        4
  1338        1  2.99185e-07  2.18756e-07      1.42564        2
  1339        1   4.6415e-07  9.94257e-08     0.647962        1
  1340        1  4.91006e-07  2.54623e-07      1.65939        2
  1341        1  6.15836e-07  6.27783e-07       4.0913        2
  1342        1  6.15577e-07  1.15216e-07     0.750866        2
  1343        1  7.12818e-07   3.2494e-07      2.11765        2
  1344       14  1.42348e-05  1.38211e-05      90.0727        3
  1345       51  3.45976e-05  2.78729e-05      181.649        6
  1346       12  1.06203e-05  9.86337e-06      64.2801        4
  1347       27  2.48797e-05  2.39399e-05      156.018        4
  1348        1   7.8502e-07  7.81098e-07      5.09045        3
  1349        1  1.24356e-06  9.10819e-07      5.93586        3
  1350       33  2.27493e-05  1.75968e-05      114.679        8
  1351        7  4.86139e-06  3.24592e-06      21.1538        3
  1352        2  1.07472e-06  8.57399e-07      5.58772        2
  1353        1  6.27919e-07  1.45316e-07     0.947031        2
  1354        1  3.75416e-07  3.42231e-07      2.23034        3
  1355        8  5.03941e-06  4.31238e-06       28.104        3
  1356        2  1.60208e-06  1.56937e-06      10.2277        2
  1357       22  2.62866e-05  2.56603e-05      167.229        8
  1358        7  7.30051e-06  6.80436e-06      44.3444        3
  1359        8  5.53532e-06  5.10344e-06      33.2594        4
  1360        1  1.44443e-06  1.12053e-06      7.30258        2
  1361       14  1.33067e-05  1.09398e-05      71.2951        4
  1362       42  3.97676e-05  3.58873e-05       233.88        5
  1363        3  1.13778e-06  1.05487e-06      6.87461        2
  1364      150  0.000221431  0.000220246      1435.36       13
  1365       57  4.61677e-05  4.37242e-05      284.953        4
  1366       15  1.21432e-05  1.16937e-05      76.2085        3
  1367        1  2.48931e-07  1.66567e-07      1.08553        3
  1368       15  1.03029e-05   9.7027e-06       63.233        6
  1369        1  7.77774e-07  7.34062e-07      4.78392        3
  1370      177  0.000220024  0.000213376      1390.58        9
  1371        2  4.75221e-06  4.45228e-06      29.0158        2
  1372      296  0.000366934  0.000355677      2317.97        8
  1373       87   6.0528e-05  5.36349e-05      349.541        4
  1374        1  5.41139e-07   1.0652e-07     0.694197        1
  1375        1  9.31345e-07  1.51669e-07     0.988435        2
  1376        7   4.4017e-06  3.09323e-06      20.1587        4
  1377        1  3.87294e-07  1.76345e-07      1.14925        2
  1378        1  4.81396e-07  2.07358e-08     0.135136        1
  1379        8   1.2065e-05  1.16598e-05      75.9872        2
  1380        1  1.03018e-06  7.46544e-07      4.86527        2
  1381        1  7.73441e-07  7.38414e-07      4.81229        3
  1382      210  0.000306122  0.000306161      1995.27        3
  1383     1085   0.00147318   0.00145507      9482.79       41
  1384      292  0.000467878  0.000470156      3064.03        5
  1385     1500   0.00199286   0.00197905      12897.5        7
  1386      211  0.000254709  0.000243241      1585.21       18
  1387       36  4.98936e-05  4.94924e-05      322.544        5
  1388      400    0.0005129   0.00050737      3306.56       10
  1389       21   1.9697e-05  1.94773e-05      126.935        4
  1390        1  1.24829e-06  9.67019e-07      6.30211        2
  1391       12  1.49717e-05   1.2543e-05      81.7437        3
  1392       30  2.79448e-05  2.41678e-05      157.503        7
  1393       11  1.19785e-05   1.0222e-05      66.6176        3
  1394       11  5.45443e-06  4.31195e-06      28.1012        4
  1395        8  3.96095e-06  3.17206e-06      20.6725        2
  1396        1  5.72067e-07  4.49381e-07      2.92864        2
  1397        7   6.3417e-06  6.21456e-06      40.5006        3
  1398      407  0.000554639  0.000548249      3572.97       10
  1399       11  9.31451e-06  8.91459e-06      58.0968        4
  1400       11  8.10505e-06  7.43344e-06      48.4441        3
  1401        1  7.00733e-07  7.13093e-07      4.64726        3
  1402     1069   0.00133802   0.00131795      8589.16       16
  1403       27  2.01332e-05  1.75148e-05      114.145        2
  1404       19  2.26061e-05  2.03603e-05      132.689        6
  1405        5  4.89207e-06  4.59903e-06      29.9722        3
  1406        8  5.67278e-06  5.20455e-06      33.9183        3
  1407      259   0.00031255  0.000301629      1965.74       15
  1408        1  7.38479e-07  6.01321e-07      3.91884        2
  1409        2  1.99288e-06  2.77012e-06       18.053        2
  1410        2  2.38482e-06  3.57324e-06       23.287        2
  1411        1  6.51604e-07   6.3359e-07      4.12914        3
  1412      156  0.000170111  0.000158456      1032.67        6
  1413       38  4.59248e-05  4.31729e-05       281.36        4
  1414        1  5.23578e-07   5.0243e-07      3.27437        1
  1415        1  1.54014e-06  1.54103e-06      10.0429        3
  1416       13  7.05307e-06  5.75011e-06      37.4738        4
  1417        4  2.98111e-06  1.76406e-06      11.4965        4
  1418        2  9.14383e-07  3.82178e-07      2.49067        3
  1419        1  6.97992e-07   6.4132e-07      4.17951        3
  1420        1  6.31811e-07  2.44116e-07      1.59092        2
  1421        8  6.14371e-06  3.42761e-06      22.3379        3
  1422       14  1.40935e-05  1.34787e-05      87.8414        6
  1423        1  1.29491e-06  1.26053e-06      8.21492        2
  1424       10  1.35981e-05  1.36111e-05      88.7044        6
  1425        1  6.70769e-07  6.05142e-07      3.94374        2
  1426        8  1.02307e-05  1.01793e-05      66.3387        6
  1427        7  7.56463e-06  7.46908e-06      48.6764        3
  1428        1  6.61743e-07  6.66515e-07      4.34372        2
  1429        1  1.44342e-06  1.39312e-06      9.07903        3
  1430        1  8.76186e-07  8.81998e-07      5.74803        3
  1431       20  3.10052e-05  3.10742e-05      202.512        2
  1432        2   1.8096e-06  1.54028e-06      10.0381        3
  1433       38  4.45596e-05  4.19971e-05      273.697        4
  1434       17  2.56863e-05  2.29806e-05      149.766        3
  1435        1  2.30495e-07  3.45038e-08     0.224863        2
  1436       10  5.86535e-06  4.64047e-06      30.2422        5
  1437        2  9.38048e-07  7.89097e-07      5.14259        3
  1438        1  6.16194e-07  4.89096e-07      3.18747        2
  1439        1  2.68977e-07  1.44629e-07     0.942553        2
  1440       15  1.93718e-05  1.88156e-05      122.622        4
  1441        9  4.45401e-06  3.95216e-06      25.7564        4
  1442        5   3.9479e-06   3.6212e-06      23.5996        2
  1443       22   2.7882e-05  2.63579e-05      171.776        4
  1444       16  2.52437e-05  2.41251e-05      157.225        6
  1445        2  2.45378e-06  1.57335e-06      10.2536        3
  1446        2  2.54798e-06  2.32683e-06       15.164        3
  1447        1  9.90075e-07  8.20306e-07      5.34598        1
  1448        2   1.5855e-06  5.94949e-07      3.87731        3
  1449        1  3.24449e-07  2.94181e-07      1.91719        3
  1450        2  1.87885e-06  1.67455e-06      10.9132        2
  1451        1  5.42364e-07  1.17856e-07     0.768076        2
  1452        7  4.43035e-06  3.78052e-06      24.6379        1
  1453        2  1.12567e-06  5.17964e-07       3.3756        2
  1454        1  4.48232e-07  2.61382e-07      1.70344        3
  1455        1   1.8738e-06  1.77969e-06      11.5984        2
  1456        1   1.3218e-06  5.68646e-07       3.7059        3
  1457        2   8.4232e-06  8.76437e-06      57.1179        2
  1458      507   0.00163606   0.00168329      10970.1        9
  1459        2  4.15554e-06  4.46024e-06      29.0676        2
  1460     1259   0.00270487   0.00273146      17801.1        5
  1461        2  1.72936e-06  1.42958e-06      9.31666        1
  1462     7955     0.018682    0.0189192       123297        5
  1463     2120   0.00263808   0.00259793      16930.8        7
  1464      368  0.000487244  0.000484628      3158.34        4
  1465        1   6.9217e-07  6.77724e-07      4.41676        1
  1466        2  1.69434e-06  1.28055e-06      8.34542        1
  1467       10  1.03778e-05  7.88211e-06      51.3681        2
  1468        1  7.28477e-07  7.18507e-07      4.68255        2
  1469        1  9.32037e-07   7.8677e-07      5.12742        2
  1470        6  7.45654e-06  7.21389e-06      47.0133        4
  1471        1  1.05612e-06  1.33509e-06      8.70083        2
  1472        1  1.53199e-06  1.46741e-06      9.56322        2
  1473      378  0.000496763  0.000492115      3207.14        3
  1474        1  7.69403e-07  7.55522e-07      4.92378        2
  1475      286  0.000445421  0.000443356      2889.37        3
  1476        1  1.15345e-06  9.29491e-07      6.05754        2
  1477      232  0.000373064  0.000376658       2454.7        5
  1478       37  8.37937e-05  8.50277e-05       554.13        3
