Model info
==========
Mesh file: Gargo1M_tex.ply (VN 499998, FN 999992)
Texture files:
  Gargo_1M_tex.png

Parameterization info
=====================
Number of charts: 1209
    ID    faces      perc_3D      perc_UV   resolution    n_adj
     0     1189  0.000962094   0.00101458      6441.02        4
     1    99983    0.0773278    0.0797526       506306      120
     2    79481    0.0853843    0.0801905       509085       52
     3       56  6.53674e-05  7.10037e-05      450.763        4
     4     1353   0.00136425   0.00152429      9676.91        5
     5    13768    0.0142601    0.0158314       100505       16
     6        3  2.47768e-06  2.98342e-06      18.9401        1
     7      309  0.000326391  0.000377124      2394.16        1
     8       79  7.24876e-05  8.38426e-05      532.271        4
     9        8  1.06277e-05   4.1744e-06       26.501        2
    10     1144   0.00124786   0.00145445      9233.51        3
    11        8  4.69459e-06  4.33556e-06      27.5241        1
    12      445  0.000422944   0.00045084      2862.14        3
    13      485  0.000477332  0.000529264      3360.01        3
    14       18  1.52744e-05  1.85196e-05      117.571        1
    15        4  3.04755e-06  1.93354e-06       12.275        2
    16       59  3.35222e-05  3.31065e-05      210.175        2
    17      133  0.000145712  0.000116266      738.109        3
    18       15  1.13914e-05   6.7851e-06      43.0749        2
    19      354  0.000406963  0.000244843      1554.38        3
    20    11699    0.0124872   0.00921152      58478.9       27
    21       50  5.49345e-05  2.46514e-05      156.498        2
    22      581  0.000689399  0.000386411      2453.11        6
    23       41  3.11581e-05  4.21633e-05      267.672        1
    24       11  6.85463e-06   6.6497e-06      42.2153        2
    25      167  0.000104053   9.5728e-05      607.725        1
    26       25  2.75774e-05  1.29274e-05      82.0693        1
    27      104  0.000110309  5.56272e-05      353.146        2
    28        5  7.99338e-06            0            0        3
    29        2  1.77418e-06  1.42759e-07     0.906299        2
    30        2  2.60234e-06  1.98178e-08     0.125812        2
    31     3212    0.0035732    0.0035292        22405        5
    32        3  4.44583e-06  9.77702e-07      6.20689        1
    33        9  7.85947e-06            0            0        3
    34        2  9.27461e-07            0            0        1
    35        2  1.71059e-06  1.24902e-07     0.792935        2
    36      100   0.00010427  5.17639e-05      328.621        2
    37     1751   0.00126215   0.00120994      7681.22       11
    38       80  8.45796e-05  4.16087e-05      264.151        2
    39       29  2.40149e-05            0            0        2
    40       41  2.80036e-05   5.3656e-06      34.0633        2
    41       20  1.71226e-05  1.52692e-05      96.9354        1
    42       82  6.93765e-05            0            0        8
    43        2  9.07246e-07   1.1229e-07     0.712865        2
    44        2  7.81221e-07  1.68193e-07      1.06776        2
    45        1  3.37679e-07  1.31165e-08    0.0832694        2
    46        2  5.92292e-07  1.62676e-08     0.103274        2
    47        2  1.69129e-06  7.07344e-07      4.49054        2
    48      120  8.37957e-05  2.39153e-05      151.825        2
    49      109  0.000118267   3.6083e-05      229.071        1
    50        2  5.34247e-07            0            0        1
    51       21  1.62907e-05  1.91222e-05      121.396        1
    52       44  3.42192e-05  1.78622e-05      113.397        1
    53       85  9.22336e-05  0.000120599      765.619        2
    54        8  1.00969e-05  1.31273e-05      83.3377        1
    55      828   0.00091505  0.000897717      5699.11       10
    56       41  3.56679e-05  4.40349e-05      279.553        4
    57       13  1.25818e-05  1.45831e-05      92.5798        4
    58      794  0.000873016   0.00105741      6712.89        6
    59      356  0.000281993  0.000283013      1796.69        4
    60     1394   0.00155012    0.0016014      10166.4       15
    61        8  6.99808e-06  2.44171e-06       15.501        1
    62        3   3.7867e-06  3.47046e-07       2.2032        2
    63       31  2.48328e-05            0            0        4
    64        1  1.19322e-06  7.42055e-08      0.47109        2
    65        6  4.09592e-06  5.73878e-07      3.64324        2
    66       33  4.21475e-05  1.05295e-05      66.8458        1
    67       76  5.51768e-05  2.47558e-05      157.161        1
    68        9  6.57495e-06  1.34485e-06      8.53769        2
    69        2  1.66606e-06  5.80466e-08     0.368506        2
    70       33  2.97763e-05            0            0        5
    71       17  1.61781e-05  3.95517e-06      25.1092        2
    72        2  9.95107e-07            0            0        2
    73        2  2.58246e-06  7.99356e-08     0.507467        2
    74        6  6.29715e-06  8.28355e-07      5.25877        2
    75      491  0.000539923  0.000594714      3775.52        4
    76       28   1.7812e-05  1.65312e-05      104.947        4
    77       73  6.62894e-05  8.33522e-05      529.157        3
    78        8  8.84538e-06  8.00069e-06       50.792        2
    79       42  2.97497e-05  3.53512e-05      224.426        2
    80       38  4.49147e-05  3.14488e-05      199.651        2
    81      166  0.000236863   0.00026263      1667.29        4
    82      392  0.000398677   0.00049002      3110.87        8
    83      392  0.000551818  0.000413953      2627.96        6
    84       39  2.97005e-05  3.74463e-06      23.7726        2
    85     2707   0.00190891   0.00119828      7607.24       10
    86        8  5.66862e-06  3.99808e-06      25.3816        1
    87      698  0.000738875  0.000977542      6205.88        6
    88       65    5.104e-05  6.24523e-05      396.475        2
    89      256  0.000132008  0.000138684      880.426        3
    90     2097   0.00208826   0.00164758      10459.6       11
    91     1179   0.00142809   0.00143835      9131.28        7
    92        8  6.84777e-06  6.10154e-06      38.7353        1
    93      236  0.000233671  0.000151501      961.797        7
    94      148  8.72164e-05   8.0286e-05      509.692        4
    95    15844     0.016571    0.0185318       117648       55
    96      134  0.000138777  0.000143327      909.907        4
    97       55  4.48094e-05   2.0957e-05      133.045        1
    98       17  1.06816e-05   1.0664e-05      67.7001        1
    99       77  4.81123e-05  5.10649e-05      324.183        2
   100        3  1.86869e-06  1.32928e-06      8.43886        2
   101        9  4.27544e-06  3.44169e-06      21.8494        2
   102      114  7.33866e-05  8.57094e-05      544.122        2
   103      125  0.000107713  0.000113611      721.251        2
   104      140  0.000160454  0.000130372      827.661        3
   105      354   0.00035648  0.000321794       2042.9        2
   106       93  6.43699e-05  7.61097e-05      483.178        2
   107        2  8.63486e-07  6.11158e-07      3.87991        2
   108      104    8.447e-05  0.000101245      642.751        1
   109       75  5.24523e-05  5.62452e-05       357.07        2
   110       99  7.26161e-05  7.87871e-05      500.176        1
   111     3192   0.00295953    0.0028461      18068.3        7
   112        9  4.75292e-06  2.77378e-06      17.6092        3
   113        4  1.13813e-06            0            0        3
   114    37287    0.0423036    0.0381654       242291       39
   115      225  0.000150227  0.000152761      969.798        1
   116      180   0.00011836   0.00012892       818.44        1
   117      222  0.000139077  0.000151991      964.908        1
   118       44  4.88471e-05            0            0        2
   119      105  7.43832e-05  6.01045e-05       381.57        3
   120     1169   0.00103944   0.00106408      6755.28        4
   121    10255    0.0109742    0.0109337      69411.9       14
   122      503  0.000353325  0.000345082      2190.73        2
   123      814  0.000681322    0.0005699      3617.98        7
   124        4  3.55235e-06            0            0        1
   125       11  1.34312e-05            0            0        1
   126       20  2.12486e-05  1.89433e-05      120.261        1
   127       71  3.81017e-05  4.30816e-05      273.501        1
   128      102  6.72407e-05  3.07185e-05      195.015        2
   129       25  2.11428e-05            0            0        2
   130       13  5.27808e-06  2.47377e-06      15.7046        1
   131       42  5.17109e-05  2.99085e-05      189.872        2
   132       11  2.04392e-05  2.36526e-05      150.157        2
   133       33  1.71217e-05  1.93078e-05      122.575        2
   134       22  1.21247e-05   1.1643e-05      73.9153        2
   135        2  9.60108e-07            0            0        1
   136      304  0.000215998  0.000121881      773.753        1
   137    18387    0.0191115    0.0195882       124355       25
   138       22  3.16934e-05  6.89294e-06      43.7595        2
   139    93242    0.0962164     0.101281       642977      166
   140      146  0.000160511  0.000187283      1188.95        3
   141      638  0.000522217            0            0        7
   142        6  2.83811e-06   2.9596e-07      1.87889        2
   143        4  4.32616e-06  5.02951e-06      31.9296        1
   144        2   3.3048e-06            0            0        1
   145      159  0.000136655            0            0        5
   146      282  0.000211849  0.000120804      766.917        4
   147       15   1.2392e-05            0            0        2
   148        4   2.3475e-06  5.63496e-07      3.57733        1
   149      289  0.000237501  0.000156007      990.402        3
   150      171  0.000176747  0.000214824       1363.8        1
   151       49  3.79611e-05            0            0        2
   152       67  3.55723e-05            0            0        3
   153       16  1.02575e-05  8.23246e-06      52.2634        2
   154    10779    0.0116856    0.0123675      78514.2       11
   155     2495   0.00234493    0.0025161      15973.3        7
   156      228  0.000201729  0.000236127      1499.04        3
   157       46  4.30728e-05  1.91256e-05      121.418        2
   158       18  1.18734e-05  1.81573e-05      115.271        1
   159    90950    0.0721152    0.0887035       563130      139
   160      383  0.000318816  0.000215742      1369.63        2
   161      164  8.84646e-05  7.89254e-05      501.054        2
   162      379  0.000288259  0.000209365      1329.14        1
   163        3   1.0278e-06            0            0        2
   164      197  0.000167005  0.000140383      891.217        1
   165       52  3.84753e-05  5.05441e-05      320.877        1
   166       82  7.96401e-05  6.09896e-05       387.19        1
   167       22  2.57502e-05  3.49869e-05      222.113        2
   168       15  1.18553e-05  8.45487e-06      53.6753        1
   169        9  1.08899e-05  1.24383e-05      78.9638        1
   170      529  0.000556851  0.000645924      4100.61        2
   171       63  3.89766e-05  4.00073e-05      253.984        1
   172        4  4.68173e-06  4.98524e-06      31.6485        1
   173       25  2.17138e-05  1.33998e-05      85.0682        2
   174      237  0.000188465  0.000216759      1376.08        3
   175       24  1.94755e-05  1.11855e-05      71.0103        2
   176       50  3.52801e-05  4.14142e-05      262.916        2
   177       83  0.000105188  0.000134435      853.456        1
   178      115  6.43933e-05  7.90808e-05      502.041        1
   179       24  2.36224e-05  3.00888e-05      191.017        1
   180       47   2.7679e-05  3.35774e-05      213.165        1
   181      184  0.000123486  0.000123341      783.027        1
   182       65  3.70399e-05  4.65455e-05      295.492        2
   183       67  4.12816e-05  4.93702e-05      313.424        2
   184     5163   0.00603905   0.00494404        31387        6
   185      183  0.000111788  0.000116376      738.808        3
   186       83  8.22168e-05  4.99678e-05      317.218        1
   187     1907    0.0020173    0.0012446      7901.27        5
   188      159  0.000154878  0.000170408      1081.83        2
   189       42  2.92192e-05  2.22081e-05      140.987        2
   190      438  0.000405744  0.000448492      2847.23        3
   191      136   9.3663e-05  0.000110891      703.987        2
   192      165  0.000107976  0.000113345      719.562        2
   193      109  7.12738e-05  7.41307e-05      470.615        2
   194      297  0.000210656  0.000288682      1832.68        2
   195      591  0.000469037  0.000491023      3117.23        2
   196     3692   0.00398865   0.00380902      24181.4        4
   197     2971   0.00255198   0.00345711      21947.3        9
   198        8  8.05754e-06  1.02175e-05      64.8656        1
   199        8   4.5414e-06  4.04504e-06      25.6797        1
   200     2024   0.00216762   0.00243813      15478.4        2
   201       71  5.57221e-05            0            0        1
   202      265  0.000159313            0            0        3
   203      195  0.000114365            0            0        1
   204       41  3.33094e-05            0            0        1
   205       20    1.016e-05  2.19868e-06      13.9582        2
   206       83  7.60807e-05            0            0        3
   207      165  0.000160888  0.000136389      865.856        2
   208       69   5.9613e-05  2.29317e-05      145.581        3
   209       42  3.29094e-05            0            0        6
   210       24  2.51938e-05  2.90082e-05      184.157        3
   211        2  2.36592e-06   6.3586e-07      4.03672        2
   212     1400   0.00122467  0.000748883      4754.25        1
   213        1  3.90776e-07  5.53842e-08     0.351604        2
   214      400  0.000348569  0.000230799      1465.22        2
   215        1   5.9173e-07  2.45246e-09    0.0155693        2
   216        3  2.54381e-06  1.26136e-07     0.800769        2
   217       45  3.51499e-05  4.22403e-05       268.16        1
   218       39  3.36712e-05  2.67637e-05      169.908        1
   219       17  1.27464e-05            0            0        1
   220        2  4.35057e-07            0            0        1
   221       31  3.07062e-05            0            0        1
   222        2  2.55962e-06            0            0        1
   223        8  9.18761e-06            0            0        1
   224      140  0.000122892    0.0001325      841.167        2
   225      198  0.000156929            0            0        2
   226      241  0.000217836  0.000141016      895.233        2
   227      133  9.25843e-05  8.17172e-05      518.778        2
   228      267   0.00019672  0.000201968      1282.18        2
   229       13  1.10352e-05  1.24883e-05      79.2816        1
   230       13  1.36327e-05  6.06412e-06      38.4978        3
   231       57  3.53609e-05  4.07593e-05      258.759        1
   232       96  9.46494e-05  8.83602e-05       560.95        2
   233        7  8.37496e-06            0            0        1
   234        7  9.59747e-06            0            0        1
   235      102  0.000120274            0            0        4
   236       25  8.67203e-06  4.90452e-06      31.1361        2
   237      132  7.49648e-05            0            0        6
   238        2  1.66801e-06            0            0        1
   239      151  0.000118241  0.000118929      755.017        3
   240      150  9.16937e-05  9.61121e-05      610.163        6
   241       50   2.8479e-05  1.93973e-05      123.143        3
   242      119  8.12856e-05  7.63726e-05      484.848        3
   243        2  2.20031e-06  1.76065e-06      11.1774        2
   244       10  4.25688e-06            0            0        3
   245        2  7.06137e-07   4.3636e-08     0.277021        3
   246       39  2.25152e-05  1.66813e-05      105.901        3
   247       67  3.83803e-05  3.94735e-05      250.595        3
   248      164  0.000123848  0.000147022       933.36        6
   249       78  7.43736e-05  8.47148e-05      537.808        7
   250       24  1.91428e-05  1.91775e-05      121.748        4
   251       12   6.5366e-06  2.87168e-06      18.2307        4
   252       20  1.54179e-05  1.93774e-05      123.017        4
   253      176  0.000127394   0.00013107      832.092        5
   254       54  4.82854e-05  6.76207e-05      429.286        1
   255       17  1.58862e-05  1.79212e-05      113.772        3
   256      194   0.00016897  0.000184366      1170.44        3
   257      404  0.000307335  0.000397995      2526.65       10
   258      131  0.000113184  0.000128635      816.633        2
   259       38   2.7093e-05  7.16497e-06      45.4865        2
   260       73  4.83214e-05  4.29128e-05       272.43        2
   261      299  0.000217755  0.000205101      1302.08        3
   262       28  1.19221e-05            0            0        2
   263       42  3.97813e-05  2.31719e-05      147.105        2
   264      264  0.000185026  0.000198356      1259.25        3
   265        2   8.4511e-07            0            0        2
   266       76  6.60605e-05  5.67243e-05      360.111        1
   267       35  3.25111e-05  3.90425e-05       247.86        2
   268       12  1.02044e-05  9.92984e-06      63.0391        1
   269       44  2.72422e-05  3.43286e-05      217.933        1
   270        8  1.41256e-05  1.07534e-05      68.2673        1
   271      535  0.000556939  0.000187873       1192.7        6
   272       39  3.07649e-05  3.94312e-05      250.327        1
   273       53  4.85293e-05  5.22447e-05      331.673        1
   274       54  3.36804e-05  3.93217e-05      249.632        2
   275       71  4.62289e-05  5.77375e-05      366.544        2
   276        5  5.44877e-06  2.07565e-06      13.1772        3
   277       87  7.81774e-05            0            0       10
   278        8  6.20985e-06   2.1195e-07      1.34555        2
   279      538  0.000750776  0.000381852      2424.17        6
   280        1  5.90228e-07  8.55005e-10   0.00542796        2
   281        3  2.68302e-06  5.53562e-08     0.351426        2
   282        9  7.46408e-06  9.13534e-06      57.9953        1
   283       31  2.43097e-05  3.21866e-05      204.335        1
   284       14  1.00227e-05  5.65184e-06      35.8804        1
   285       16  1.40559e-05  2.24423e-06      14.2474        2
   286        3  3.48929e-06  3.89636e-07      2.47358        2
   287       62  4.31178e-05  5.49288e-05      348.713        1
   288     2226   0.00198626   0.00151951      9646.55        9
   289       25  1.16789e-05            0            0        2
   290        9  1.27849e-05            0            0        1
   291       20  1.86537e-05  1.40743e-05      89.3497        1
   292      132  9.59616e-05  0.000116663      740.626        2
   293       51  4.14546e-05  4.31848e-05      274.157        2
   294       97  6.40071e-05  7.54094e-05      478.733        2
   295       56  5.46649e-05  6.92047e-05      439.343        1
   296       67   3.7591e-05  4.33572e-05      275.251        2
   297       15  9.61325e-06            0            0        2
   298      206  0.000139476  0.000147843      938.571        3
   299       16  1.23134e-05  1.50775e-05       95.719        2
   300        5  8.23373e-06            0            0        1
   301        8  1.04143e-05            0            0        2
   302       19  1.77178e-05            0            0        2
   303       20  2.13826e-05   4.3991e-06      27.9275        4
   304        9  2.41985e-05            0            0        2
   305        2  8.21952e-07            0            0        2
   306        2  3.35162e-06            0            0        2
   307      220  0.000160835  0.000185245      1176.02        1
   308       25  3.72869e-05            0            0        2
   309        4  8.23743e-06            0            0        1
   310        6  4.95872e-06            0            0        2
   311       40   4.0589e-05            0            0        5
   312       30  2.73905e-05  3.26858e-05      207.504        3
   313      180  0.000127565  0.000139823      887.662        2
   314       18   1.7057e-05            0            0        1
   315        4  4.48402e-06            0            0        1
   316       50  3.62417e-05  4.37841e-05      277.961        2
   317      415  0.000306999   0.00032508      2063.75        5
   318      395  0.000299971   0.00031101      1974.43        4
   319       74   6.0348e-05  6.50631e-05       413.05        2
   320    19107    0.0186361    0.0182908       116118       41
   321     3080   0.00347989   0.00362266      22998.3        3
   322      258  0.000262272  0.000288857      1833.79        3
   323       81  5.81608e-05  2.01935e-05      128.198        2
   324       36  6.28517e-05  4.57611e-05      290.512        4
   325       37  3.89364e-05  2.20539e-05      140.008        3
   326       95  6.16067e-05            0            0        1
   327       67  6.80797e-05  1.30522e-05       82.861        5
   328        2  2.64323e-06            0            0        2
   329       54  5.59091e-05  6.50851e-05       413.19        6
   330        1  1.80391e-06  6.44107e-08     0.408908        2
   331     1231   0.00113415   0.00123063      7812.58        3
   332      469   0.00043014  0.000538287      3417.29        3
   333        4   6.7867e-06            0            0        3
   334      120  0.000133749  2.88123e-05      182.914        2
   335      281  0.000315336  0.000359111       2279.8        3
   336        2  2.74967e-08            0            0        1
   337      124  8.55275e-05  4.67131e-05      296.556        3
   338       18  7.77405e-06  4.59167e-06        29.15        1
   339      192  0.000160186            0            0        4
   340       97  7.49722e-05  3.05935e-05      194.221        3
   341        2  9.21197e-07            0            0        1
   342        5  3.54081e-06            0            0        1
   343      170  0.000140246   0.00011165      708.805        4
   344       18   8.2714e-06   3.9537e-06      25.0998        4
   345   103494     0.101995     0.130888       830936      205
   346       93  4.03035e-05  3.31309e-05       210.33        4
   347      114  0.000114658   0.00013546      859.959        2
   348       92  9.26151e-05  7.44988e-05      472.952        2
   349      251  0.000143016  0.000125193      794.782        2
   350        5  4.80282e-06  8.17413e-07      5.18931        2
   351       22   1.9226e-05            0            0        4
   352      285  0.000320748  0.000306349      1944.84        2
   353       17  1.09623e-05            0            0        6
   354        2  2.13192e-06  9.94717e-08     0.631491        3
   355        1  8.86135e-07  1.35961e-07     0.863142        2
   356       12  1.11226e-05  1.90227e-06      12.0765        4
   357       30  2.79872e-05  3.21319e-05      203.988        2
   358       84  7.17664e-05  5.40691e-05      343.255        5
   359        4   1.6213e-06  1.00155e-06       6.3583        2
   360       13  5.42155e-06            0            0        4
   361        2  1.66266e-06  1.05385e-06      6.69029        2
   362       22  1.57229e-05  1.85305e-05       117.64        3
   363       72  7.54855e-05   2.3356e-05      148.275        4
   364       10  5.68662e-06  3.39181e-06      21.5327        2
   365       90  8.70596e-05  8.69126e-05       551.76        4
   366       39  2.90874e-05            0            0        4
   367      131  7.67814e-05            0            0        2
   368      125  0.000103566  0.000129511      822.192        2
   369       42  2.53037e-05  1.13206e-05      71.8684        3
   370       80  0.000111479  4.16267e-05      264.265        2
   371        2  1.65007e-06  1.96406e-06      12.4687        2
   372        7  5.83083e-06  6.70238e-06      42.5497        2
   373     3883    0.0039141   0.00420308      26683.1        7
   374       24  1.86341e-05  1.69276e-05      107.464        1
   375        2  2.92275e-06            0            0        1
   376       49  5.54854e-05            0            0        3
   377        1  1.32126e-06  5.32959e-08     0.338346        3
   378       13  1.31432e-05  1.29026e-05      81.9118        1
   379      758   0.00070743            0            0        5
   380       31   2.8224e-05  6.24922e-06      39.6728        2
   381    11008    0.0122792   0.00940883      59731.5       28
   382        8  8.01837e-06  6.67444e-06      42.3723        1
   383     1883   0.00225049   0.00150878      9578.39        8
   384      101  6.37676e-05  4.70227e-05      298.521        2
   385     2638   0.00209587   0.00155332       9861.2       19
   386       90  6.07825e-05  4.90532e-05      311.412        2
   387       86  6.48258e-05  7.57763e-05      481.062        2
   388       45  3.15541e-05  3.78964e-05      240.584        2
   389      426  0.000478291  0.000326001       2069.6        2
   390      851   0.00102918  0.000983026      6240.69        8
   391       72  7.79154e-05   1.0992e-05      69.7819        7
   392        2  1.84884e-06  6.26106e-07       3.9748        2
   393        4  3.68565e-06            0            0        2
   394     8844   0.00788113   0.00671117      42605.5       46
   395        8  8.92874e-06            0            0        3
   396        4  3.26737e-06            0            0        2
   397       15  2.76504e-05   2.7535e-05      174.804        2
   398     2617   0.00291364   0.00204336      12972.2       13
   399      100  0.000131866  0.000128969      818.755        4
   400      974   0.00117287   0.00104904      6659.79        6
   401      473  0.000572004  0.000220925      1402.53        3
   402        2  1.42633e-06            0            0        1
   403       10  1.09269e-05            0            0        2
   404       23  3.30407e-05  2.89711e-05      183.921        4
   405       11  1.45521e-05  1.51757e-05       96.342        3
   406        3  1.95848e-06            0            0        2
   407     1207   0.00105608            0            0        9
   408        2  8.62676e-07            0            0        3
   409        5  3.73574e-06  2.58539e-06      16.4132        3
   410      586  0.000605626  0.000451007       2863.2        6
   411      356  0.000253431  0.000176895      1123.01        3
   412      275  0.000188697  0.000132421      840.665        9
   413        6  3.76713e-06  2.10469e-06      13.3615        3
   414       26  4.45762e-05   1.8601e-05      118.087        6
   415        2   8.8472e-07            0            0        2
   416        3  3.10562e-06            0            0        3
   417       21  1.49088e-05            0            0        2
   418        3  6.00021e-06  2.14281e-06      13.6035        3
   419        2  2.92596e-06            0            0        3
   420        5  9.21296e-06            0            0        3
   421       32  3.87196e-05            0            0        2
   422        2  2.40903e-06  1.01191e-06      6.42406        2
   423        8  1.00305e-05   2.7031e-06      17.1605        1
   424      540  0.000666001            0            0        2
   425     3886   0.00329764   0.00223802        14208        9
   426      423  0.000403659   0.00037851      2402.95        5
   427        7  4.46665e-06  2.74649e-06      17.4359        3
   428      364  0.000366943  0.000353766      2245.87        7
   429      350  0.000205926  0.000196425         1247        5
   430       82  4.22405e-05  3.82322e-05      242.715        2
   431       26  1.73563e-05  1.89665e-05      120.408        3
   432       39  2.41304e-05  1.67416e-05      106.283        5
   433       94  4.51186e-05  4.09489e-05      259.962        4
   434      843   0.00051545  0.000411709      2613.72       12
   435     2120   0.00203314    0.0013547      8600.24       12
   436       82  6.32963e-05  6.06658e-05      385.134        4
   437      116  8.16201e-05  7.61402e-05      483.372        6
   438      251  0.000139779  0.000126418      802.556        7
   439      149  8.66179e-05  8.70737e-05      552.783        4
   440      112  0.000121762  0.000115946      736.075        4
   441       56  6.44189e-05  3.61726e-05       229.64        2
   442    18795    0.0259238    0.0253141       160705       47
   443       23  1.79966e-05  1.44148e-05      91.5119        2
   444      261  0.000170369  0.000161555      1025.62        7
   445      125  8.90512e-05   8.6256e-05      547.592        3
   446       60   3.8226e-05   4.1424e-05      262.978        3
   447       27  1.66885e-05  1.50471e-05      95.5256        2
   448      763  0.000438583  0.000391273      2483.98       10
   449      258  0.000295255   0.00027211      1727.47        2
   450       99  5.75948e-05  5.32393e-05      337.987        3
   451       93   6.7634e-05  8.24941e-05       523.71        2
   452      417  0.000401873  0.000404521      2568.08        6
   453      241  0.000266302  0.000235565      1495.47        3
   454       62  4.40975e-05  4.07961e-05      258.992        3
   455      249  0.000289225  0.000240694      1528.04        2
   456      166  0.000101615  9.78851e-05      621.418        2
   457      195  0.000201692  0.000203967      1294.88        6
   458       70  5.73464e-05  5.83375e-05      370.353        3
   459       87   4.6386e-05  3.00139e-05      190.542        1
   460       13  1.35956e-05            0            0        1
   461      209    0.0002759   0.00020131      1278.01        4
   462      126  9.45225e-05  9.09785e-05      577.572        4
   463       22  1.51505e-05  1.15404e-05      73.2636        1
   464       77  3.93012e-05  3.76103e-05      238.767        1
   465       12  1.09574e-05            0            0        1
   466      543  0.000342141  0.000284896      1808.65        6
   467       61  2.60066e-05  2.50251e-05      158.871        3
   468       53  3.22374e-05  3.23384e-05      205.299        2
   469       39  2.14666e-05  2.24992e-05      142.835        2
   470       21  8.31017e-06  8.85601e-06       56.222        1
   471       17  3.11434e-05  7.39433e-06      46.9425        2
   472       15  1.59316e-05            0            0        1
   473        8  5.61868e-06  4.91109e-07      3.11778        3
   474        6  6.02268e-06            0            0        3
   475        2  6.37287e-07            0            0        1
   476       55  3.11137e-05  2.20534e-05      140.005        3
   477      426   0.00048001  0.000466533      2961.76        6
   478       72  3.54673e-05   2.3399e-05      148.547        2
   479       48  6.64904e-05  6.15296e-05      390.618        1
   480      218  0.000136149  0.000121136      769.027        4
   481      476  0.000475447  0.000348734      2213.92        5
   482       78  5.11242e-05   4.2035e-05      266.857        3
   483    44929     0.039953    0.0427848       271617      109
   484      474  0.000440396  0.000320457      2034.41       12
   485       86  0.000112299  0.000111945      710.675        2
   486      109  9.24263e-05  0.000106048      673.238        5
   487       15    1.233e-05  9.23526e-06      58.6296        2
   488       35  3.53748e-05  2.56631e-05      162.921        4
   489       48  2.26878e-05  1.72077e-05      109.242        4
   490       17  1.02582e-05   9.5516e-06      60.6378        3
   491      110  5.85028e-05  5.74922e-05      364.987        2
   492      275  0.000177513  0.000169643      1076.97        4
   493       44   2.1776e-05  2.23717e-05      142.025        2
   494       38  2.30037e-05  2.31293e-05      146.835        2
   495       32   2.6321e-05  2.56662e-05      162.941        3
   496       66  3.95606e-05   3.7043e-05      235.166        3
   497        9  6.27844e-06  5.90673e-06      37.4986        3
   498      267  0.000180388  0.000142132       902.32        5
   499       22  1.09839e-05  1.28216e-05      81.3971        2
   500       34   1.9043e-05  1.68612e-05      107.043        4
   501       66  4.91802e-05  3.69826e-05      234.782        4
   502       32  2.37289e-05  1.91049e-05      121.287        3
   503       64  4.22234e-05   3.7729e-05       239.52        5
   504      206  0.000221474  0.000198916      1262.81        3
   505       28  2.02553e-05  1.08175e-05      68.6747        3
   506       84   5.9321e-05  4.78753e-05      303.934        3
   507      127  9.87434e-05  8.58824e-05       545.22        3
   508       34  2.55429e-05  1.80034e-05      114.294        2
   509       49  5.23687e-05            0            0        2
   510        3  4.66911e-06            0            0        1
   511       20  1.17362e-05  9.39547e-06      59.6467        2
   512        2   5.2484e-07            0            0        2
   513       67  6.44022e-05  5.42984e-05       344.71        1
   514        9  5.41905e-06            0            0        2
   515      207  0.000224251  0.000161416      1024.74        5
   516       38  4.06001e-05  3.71295e-05      235.715        2
   517       39  5.99884e-05  5.07335e-05      322.079        4
   518       54  5.32336e-05  5.93449e-05      376.748        4
   519       63  7.57101e-05  7.00849e-05       444.93        2
   520       93   9.8734e-05  7.40631e-05      470.186        1
   521       61  7.00617e-05  5.95886e-05      378.295        2
   522      117  0.000105118  8.44662e-05       536.23        4
   523       80  7.47204e-05  4.77657e-05      303.238        4
   524        8  1.10116e-05  4.84544e-06       30.761        3
   525      280  0.000198397  0.000143201      909.106        6
   526        3  2.14648e-06  5.75586e-07      3.65408        2
   527     1051  0.000941527  0.000982445      6237.01        7
   528       19  8.28324e-06  6.66627e-06      42.3205        2
   529      282  0.000346077  0.000273564      1736.71        4
   530      220   0.00014105  0.000152016      965.067        5
   531       80  9.37983e-05  8.11933e-05      515.452        2
   532       31  2.57412e-05  2.44651e-05      155.316        2
   533      113  0.000140042  0.000107426       681.99        3
   534       18  1.60992e-05  1.49072e-05      94.6378        2
   535       43  4.96828e-05  3.28414e-05      208.492        2
   536     1057    0.0008821  0.000730118      4635.12       11
   537       29  3.20348e-05  3.78208e-05      240.104        2
   538       11  1.45487e-05  1.24145e-05      78.8125        2
   539        2  1.98817e-06            0            0        1
   540      205  0.000240488  0.000100678       639.15        2
   541    22189    0.0538504    0.0378808       240485       10
   542      251  0.000333448  0.000138096      876.693        4
   543       78   8.9328e-05  8.08966e-05      513.568        4
   544       82  9.20028e-05  2.87788e-05      182.701        4
   545        3  2.30359e-06            0            0        2
   546       10  6.42477e-06            0            0        2
   547        3  2.97278e-06            0            0        2
   548        6  2.61984e-06            0            0        3
   549       65  5.40128e-05   3.9023e-05      247.735        6
   550       31  3.73408e-05  3.38118e-05      214.652        4
   551      382  0.000355817  0.000361059      2292.17        1
   552        8  8.23994e-06  8.75459e-06      55.5781        1
   553      121  8.64809e-05  9.11365e-05      578.576        1
   554       60  7.86252e-05  6.79288e-05      431.243        2
   555     5132   0.00541364    0.0061435      39001.7       20
   556      583  0.000602984  0.000576113      3657.43        1
   557       83  0.000118225  9.99958e-05      634.818        3
   558      330  0.000469843  0.000316658      2010.29        5
   559       21  3.50002e-05  2.47917e-05      157.389        3
   560       46  7.29777e-05  7.19979e-05      457.075        4
   561       28  2.75535e-05  1.94815e-05      123.677        2
   562    11882    0.0144499    0.0155938      98996.4       34
   563      268   0.00022637            0            0        2
   564     1511    0.0016697    0.0018105      11493.9        2
   565       11  1.11621e-05            0            0        1
   566       50  3.49926e-05  2.06176e-05       130.89        2
   567        2  2.65997e-06            0            0        1
   568      211  0.000293189  0.000301191      1912.09        2
   569      538  0.000868583   0.00106264      6746.13        3
   570     4403   0.00474835   0.00224805      14271.7       19
   571      666  0.000900183  0.000731558      4644.26        6
   572      903  0.000946836   0.00101744      6459.18        8
   573      118  0.000137359  0.000126922      805.756        2
   574       38  3.96568e-05  4.39078e-05      278.746        2
   575     1894   0.00189512   0.00188129      11943.3       11
   576       49  5.06392e-05  3.61532e-05      229.517        2
   577      276  0.000290838  0.000212573      1349.51        4
   578        7  3.83397e-06  2.88411e-06      18.3096        2
   579       58   7.2088e-05            0            0        2
   580       66  8.77376e-05            0            0        2
   581      654  0.000598257  0.000472382      2998.89        5
   582        6  7.92068e-06            0            0        2
   583        2  1.72405e-06            0            0        2
   584      246  0.000225014            0            0        8
   585        1  1.06244e-06  6.59948e-08     0.418965        2
   586        3    3.607e-06            0            0        1
   587       36  6.15331e-05  2.01951e-05      128.208        2
   588       21  1.38775e-05  1.12623e-05       71.498        4
   589       63  4.22969e-05  3.77039e-05      239.361        4
   590       32  3.17797e-05  3.31981e-05      210.756        3
   591       72  3.76863e-05  4.09917e-05      260.234        3
   592      918  0.000741633   0.00075116       4768.7        8
   593      232  0.000246044  0.000184663      1172.32        3
   594       15  1.99132e-05  1.57339e-05      99.8859        1
   595       10  1.13286e-05  1.01297e-05      64.3079        2
   596       55  5.04831e-05  5.49508e-05      348.853        2
   597      829  0.000721636  0.000539544      3425.27       10
   598      185  0.000110259  0.000125805       798.67        3
   599        2  1.49534e-06            0            0        2
   600        2  7.39554e-07  1.10481e-07     0.701382        2
   601        5  3.42703e-06            0            0        2
   602        3  2.66145e-06            0            0        2
   603        6  4.03679e-06  1.50653e-06      9.56413        2
   604     6210   0.00687665   0.00606078      38476.6       22
   605       49  4.08557e-05            0            0        3
   606        5  4.46004e-06            0            0        2
   607       29  2.39518e-05            0            0        3
   608     1025  0.000946773  0.000773463      4910.29       10
   609        8  7.27789e-06  8.82463e-06      56.0228        1
   610        8  1.32279e-05  9.86587e-06       62.633        2
   611       42  4.39839e-05            0            0        2
   612        5  2.94884e-06            0            0        2
   613       82  0.000103285  8.40537e-05      533.611        2
   614        6  5.14171e-06            0            0        2
   615       19  1.55678e-05   1.6734e-05      106.235        2
   616     1307   0.00146898   0.00106729      6775.62       14
   617        2  1.02626e-06            0            0        1
   618       90  8.22326e-05            0            0        3
   619        3  3.37973e-06            0            0        2
   620       18  1.91013e-05            0            0        4
   621       65  7.06956e-05  5.55121e-05      352.416        2
   622      117  0.000160717  0.000133616      848.253        4
   623      200   0.00016412  6.28336e-05      398.896        7
   624        9  9.87655e-06  3.93857e-06      25.0038        3
   625       29  3.24836e-05            0            0        5
   626       60  5.37908e-05  5.84694e-05       371.19        2
   627      476  0.000519421  0.000603088      3828.68        9
   628       23  1.46006e-05  4.43461e-06      28.1529        5
   629       14  1.00809e-05  5.59681e-06       35.531        4
   630        1  1.46231e-07  2.69865e-08     0.171322        1
   631       29  1.80519e-05  9.59557e-06       60.917        4
   632      638  0.000564368  0.000604896      3840.15        5
   633        3  7.28746e-07            0            0        1
   634       34   3.2742e-05  3.89396e-05      247.206        3
   635      139  0.000131905  0.000106094      673.533        5
   636      182  0.000171203   0.00014983      951.191        4
   637        7  3.91687e-06            0            0        2
   638        4  2.22894e-06  1.60175e-06      10.1686        2
   639       68  5.46936e-05  3.98876e-05      253.224        1
   640        8  1.06374e-05  1.14796e-05      72.8774        2
   641      120  9.68145e-05  0.000104391      662.721        5
   642       14  6.65971e-06  7.04338e-06      44.7146        2
   643       32   2.8451e-05   2.9766e-05      188.968        2
   644      209  0.000136077  0.000111952       710.72        6
   645      394  0.000426215  0.000362052      2298.47        3
   646      291  0.000243992  0.000206079      1308.28        5
   647       16  1.58602e-05   5.8729e-06      37.2838        3
   648       23  1.43052e-05  9.76051e-06      61.9641        3
   649       27   2.9394e-05  2.85767e-05      181.418        3
   650     1067   0.00122081   0.00152558      9685.08        4
   651     3120    0.0030389   0.00320541      20349.4       17
   652       24  1.21407e-05            0            0        2
   653      128  9.95825e-05  9.35107e-05      593.648        2
   654      588  0.000428101  0.000337599      2143.23        6
   655       57  6.21591e-05  3.97718e-05      252.489        3
   656        2  6.92824e-07            0            0        2
   657      101  9.20405e-05  7.79823e-05      495.067        4
   658       39  4.19799e-05  2.76775e-05      175.709        4
   659       44  2.93344e-05  2.20351e-05      139.889        3
   660      168  0.000143895   0.00016724      1061.71        4
   661       62  6.73225e-05  6.99943e-05      444.355        2
   662       25  1.30798e-05  1.45629e-05      92.4517        3
   663        3  9.03249e-07  1.07838e-06      6.84605        2
   664       54  4.09209e-05  2.64349e-05      167.821        4
   665      113  6.49525e-05   7.4365e-05      472.103        2
   666        9  7.98536e-06  9.12387e-06      57.9224        3
   667       60  4.27317e-05  2.42698e-05      154.075        3
   668        5   3.2243e-06  1.99533e-06      12.6672        3
   669        2  1.08244e-06  5.49854e-07      3.49072        2
   670       18  1.02831e-05   9.7356e-06       61.806        2
   671      345  0.000238027  0.000284034      1803.17        2
   672      474  0.000481727  0.000547844      3477.96        2
   673       17  2.59912e-05   2.9765e-05      188.962        1
   674       49  2.84201e-05  2.81832e-05       178.92        3
   675      833  0.000720195  0.000805245      5112.06        8
   676       44  5.18083e-05   4.8504e-05      307.925        2
   677      113  0.000121335  0.000113221      718.778        3
   678        7  7.02967e-06  8.70545e-06      55.2661        2
   679       60  3.88296e-05  2.50929e-05      159.301        3
   680      204  0.000155446  0.000106523      676.255        5
   681       68   3.9169e-05  3.28555e-05      208.582        2
   682       13  1.01811e-05  8.88158e-06      56.3843        2
   683        2  1.80232e-06  2.39811e-07      1.52243        2
   684       22  1.01491e-05  1.01762e-05      64.6029        3
   685       83  6.36338e-05  7.03884e-05      446.857        4
   686       43  4.46439e-05  4.17815e-05      265.248        4
   687       66  4.72004e-05   4.1568e-05      263.892        3
   688       55  5.21286e-05  4.70336e-05       298.59        3
   689       16  1.42323e-05  1.59766e-05      101.427        3
   690        7  4.66623e-06  3.56275e-06      22.6179        3
   691        3  2.40258e-06            0            0        2
   692        4  1.33422e-06   1.4288e-06      9.07065        3
   693       55  3.62921e-05  2.86959e-05      182.175        2
   694       17  1.31864e-05            0            0        2
   695       22  1.38553e-05  5.25322e-06      33.3498        3
   696       17    9.477e-06            0            0        4
   697       41  2.52261e-05  1.54515e-05      98.0931        3
   698      109  0.000152486  0.000182754       1160.2        1
   699       78   8.3147e-05   4.0506e-05       257.15        2
   700      223  0.000196268  0.000143945      913.827        4
   701       86  4.22484e-05   1.6465e-05      104.527        3
   702        7  2.99941e-06            0            0        3
   703        2  1.16304e-06  2.06447e-07      1.31062        2
   704       27  2.54045e-05  5.78841e-06      36.7474        3
   705       49  4.55039e-05            0            0        6
   706        2  1.36099e-06  1.04244e-07      0.66179        2
   707        1  3.30978e-07  2.75192e-08     0.174704        2
   708       36  2.19615e-05  1.06844e-05      67.8295        2
   709       55  4.35461e-05            0            0        1
   710      140  0.000111652  4.50062e-05      285.719        2
   711       40  4.33118e-05            0            0        3
   712        4   6.9554e-06  2.53132e-06      16.0699        2
   713        9  1.17323e-05  1.41537e-05      89.8542        1
   714        1  1.72737e-06  3.74409e-09    0.0237691        2
   715      171  0.000147721  0.000121501      771.343        2
   716       21  2.12878e-05  8.71376e-06      55.3189        2
   717      182   0.00012825  7.69875e-05      488.752        5
   718       99  7.42434e-05  4.40917e-05      279.914        2
   719        4  3.14948e-06            0            0        2
   720      595  0.000626265  0.000448345       2846.3        6
   721        2  5.79743e-07  2.56882e-07       1.6308        2
   722      134  0.000109047  6.45034e-05      409.497        1
   723       94  8.22685e-05            0            0        4
   724       22  2.47358e-05  9.24716e-06      58.7051        3
   725       35  4.23028e-05  2.45531e-05      155.874        2
   726       29   2.3744e-05  8.94162e-06      56.7654        3
   727        2  1.31794e-06  4.87351e-07      3.09393        2
   728       81  7.71607e-05  3.69729e-05      234.721        2
   729      357  0.000331455  0.000162512       1031.7        3
   730      428  0.000390612  0.000532288       3379.2        4
   731       71  5.59461e-05  4.01452e-05       254.86        3
   732      523  0.000392045  0.000540232      3429.64        6
   733       38  2.01268e-05  2.10817e-05      133.836        2
   734       11  1.39161e-05  1.06367e-05      67.5266        2
   735      299  0.000441849  0.000500197      3175.48        4
   736        8   7.6983e-06  4.94513e-06      31.3939        2
   737       77  7.93471e-05  8.94571e-05      567.914        1
   738      700  0.000548184  0.000595267      3779.02        4
   739       96  7.00228e-05  7.81803e-05      496.323        3
   740       73  6.99046e-05  7.78859e-05      494.455        3
   741      172  0.000167594  0.000194544      1235.05        3
   742       36  5.14067e-05  5.44924e-05      345.943        2
   743      245  0.000250074  0.000312243      1982.26        2
   744     5051   0.00597946   0.00344252      21854.7       12
   745       54  4.48266e-05  5.20023e-05      330.134        1
   746      149  0.000137383  0.000108475      688.648        4
   747       13  7.09509e-06   3.1179e-06      19.7938        3
   748       26  2.90039e-05            0            0        5
   749        1  4.27259e-07  4.92329e-09    0.0312552        1
   750        6  2.78711e-06  2.43044e-06      15.4295        2
   751      429  0.000258278  0.000316741      2010.81        3
   752      647  0.000923565  0.000670572      4257.09        4
   753        2   9.4971e-07   8.7903e-07      5.58048        2
   754        3  1.43195e-06  1.38228e-06      8.77535        2
   755       96  6.60172e-05   8.8689e-05      563.038        3
   756      936  0.000839181  0.000662605      4206.51        2
   757      139   0.00014636  5.02298e-05      318.882        3
   758       71  9.37292e-05  1.19031e-05      75.5663        4
   759     1097   0.00152936            0            0       10
   760        1  1.71557e-06   2.6099e-08     0.165689        2
   761      627  0.000989345  0.000870077      5523.64        5
   762       47  6.51302e-05  6.11671e-06      38.8316        4
   763     1334   0.00151144  0.000963104      6114.22       12
   764      344  0.000485077  0.000537747      3413.86        4
   765     1965   0.00264867   0.00312596        19845        6
   766     9988    0.0110443      0.01419      90084.4       12
   767      156  0.000235136  0.000222108      1410.04        2
   768       39  5.41846e-05  6.28203e-05      398.812        1
   769       19  1.49962e-05            0            0        1
   770       13  8.87304e-06            0            0        1
   771       88  8.53705e-05  0.000100102      635.494        2
   772      136  9.07289e-05  0.000100342      637.014        5
   773      159  0.000100873  0.000134771      855.589        5
   774     2928   0.00303572   0.00368237      23377.3       14
   775       12  4.54853e-06  4.06928e-06      25.8337        3
   776       13  2.01789e-05  5.26729e-06      33.4391        2
   777       89  9.03185e-05  9.18675e-05      583.216        2
   778        9  1.03488e-05            0            0        1
   779        6  1.72156e-06  2.32002e-06      14.7285        2
   780       36  2.28882e-05  2.39841e-05      152.262        3
   781      133  9.28563e-05  0.000129002      818.962        3
   782       82  4.73138e-05  4.30536e-05      273.323        5
   783      212  0.000173564   0.00014782      938.425        6
   784      532  0.000373854  0.000445227       2826.5        8
   785       45  2.17026e-05  1.93692e-05      122.964        4
   786      110  7.91024e-05  6.71751e-05      426.458        5
   787       48  3.48268e-05  2.55098e-05      161.948        5
   788      125  0.000102106  0.000137669      873.985        3
   789      223  0.000202915  0.000280968      1783.71        3
   790      463  0.000381596  0.000527682      3349.96        6
   791      136   8.2849e-05  5.32621e-05      338.132        6
   792      734  0.000561218  0.000756741      4804.13        9
   793       66  4.88677e-05  3.81591e-05      242.251        4
   794        6  4.35285e-06            0            0        2
   795      125  0.000109148  8.53381e-05      541.765        5
   796       95  5.34399e-05    4.762e-05      302.313        3
   797     1701   0.00152586   0.00131799       8367.2       10
   798      223   0.00024183  0.000285843      1814.66        2
   799      281  0.000236941  0.000196992      1250.59        5
   800     1401   0.00162122    0.0020144      12788.3       19
   801       13  1.19034e-05  1.26739e-05      80.4597        3
   802      106   0.00011558  0.000107013      679.368        2
   803       26  2.44012e-05  2.49569e-05      158.438        5
   804      119  6.70693e-05  7.72037e-05      490.124        6
   805        7  4.21446e-06  4.38751e-06      27.8539        2
   806      283  0.000166471  0.000186386      1183.26        7
   807       49  4.14942e-05  5.81697e-05      369.287        3
   808     1628   0.00138856   0.00152494         9681        8
   809        8  8.95126e-06  8.38639e-06      53.2406        1
   810       22  1.44046e-05  1.58558e-05      100.659        2
   811        8  3.17935e-06  3.89982e-06      24.7578        1
   812      255  0.000271582  0.000346611      2200.44        2
   813      450  0.000320933  0.000213783      1357.19        4
   814       34   2.1675e-05            0            0        2
   815       60  6.19971e-05            0            0        2
   816      119  0.000109603  0.000140775      893.704        1
   817       38  6.03819e-05  7.83133e-05      497.168        1
   818       22  1.43981e-05  1.31431e-05      83.4383        2
   819       97  7.59814e-05  7.79166e-05      494.649        3
   820      107  8.07532e-05  7.01075e-05      445.074        3
   821      350  0.000268553   0.00033516      2127.75        4
   822       35  1.97531e-05  1.86392e-05       118.33        2
   823       22  1.97891e-05  2.38607e-05      151.479        3
   824       54  6.14059e-05  6.53736e-05      415.021        3
   825      169  0.000116722  9.59332e-05      609.027        5
   826        7  3.18528e-06  2.71914e-06      17.2623        3
   827       21  1.31479e-05  1.28376e-05      81.4986        3
   828       13  8.09485e-06  8.57592e-06      54.4438        3
   829       16  8.60317e-06            0            0        3
   830      305  0.000213776  0.000154739      982.352       10
   831       18  1.22773e-05  7.88394e-06      50.0508        3
   832       11  6.97362e-06            0            0        3
   833       14  7.69542e-06  6.01977e-06      38.2162        3
   834       25  1.10393e-05  8.53098e-06      54.1585        5
   835       28  3.07097e-05  2.70951e-05      172.012        4
   836       68  6.45576e-05            0            0        3
   837       26  2.69193e-05  9.07109e-06      57.5873        4
   838        3  3.57292e-06            0            0        2
   839       12  5.38509e-06  1.35594e-06      8.60809        2
   840      624  0.000767478  0.000979071      6215.58        1
   841       31  1.28226e-05            0            0        3
   842      651  0.000520585  0.000445509      2828.29       10
   843       18  1.14526e-05  6.83055e-06      43.3634        4
   844       93  6.37282e-05            0            0        7
   845       18  1.32254e-05  8.26497e-06      52.4697        2
   846        2   1.2387e-06   1.4327e-07     0.909541        2
   847        3   1.2236e-06  3.32273e-07      2.10942        2
   848      304  0.000247158  0.000229239      1455.31        3
   849        2  6.32151e-07            0            0        2
   850      107  0.000111992  0.000134642      854.767        3
   851       88  0.000110305  0.000133159      845.352        2
   852      184  0.000156997  0.000175161         1112        4
   853      211  0.000212472            0            0        4
   854      626  0.000560918  0.000330141      2095.88       11
   855       79  4.76913e-05  3.40872e-05      216.401        4
   856       76  6.03073e-05  6.68798e-05      424.583        3
   857      155  0.000107968  0.000103775      658.812        4
   858       76  6.20155e-05  8.56964e-05       544.04        2
   859       41   1.9678e-05  2.16724e-05      137.586        4
   860      198  0.000159642  0.000154286       979.48        4
   861       36   2.2589e-05  2.95836e-05       187.81        1
   862       98  0.000109155  0.000107006      679.319        3
   863       14  6.38639e-06            0            0        3
   864      307  0.000310248  0.000232663      1477.05        6
   865        4  3.52674e-06  5.38006e-07      3.41551        3
   866        4  3.20242e-06            0            0        3
   867        2  1.00528e-06            0            0        2
   868      531  0.000328421  0.000376022      2387.16        5
   869        8  3.82563e-06  3.32913e-06      21.1348        2
   870        7  4.15765e-06  5.25116e-06      33.3368        2
   871      137  9.74025e-05  0.000120851       767.22        3
   872       56  6.03037e-05   7.1528e-05      454.092        3
   873      435  0.000308678            0            0        6
   874      581  0.000419168  0.000303484      1926.65        9
   875       89  7.07645e-05  3.75262e-05      238.234        4
   876        6   2.9641e-06  8.49899e-07      5.39554        1
   877       12  1.23868e-05            0            0        2
   878       13  1.12438e-05  2.10953e-06      13.3922        5
   879       22   1.3756e-05  1.60042e-05      101.602        2
   880       45  3.10496e-05  1.93147e-05      122.618        3
   881      423  0.000320189   0.00034422      2185.26        3
   882        8  5.18701e-06            0            0        2
   883       17  8.37442e-06  1.03549e-05      65.7378        2
   884       81  7.19249e-05  7.99069e-05      507.285        3
   885      125  9.83096e-05  0.000108095      686.233        3
   886      353  0.000272315  0.000145489       923.63        7
   887      467  0.000416183  0.000255912      1624.65        9
   888      114  0.000102695            0            0        4
   889        4  3.11687e-06            0            0        2
   890      114   9.5045e-05  0.000109026      692.147        6
   891        4  3.88248e-06  2.64762e-07      1.68083        3
   892        2  1.68369e-06            0            0        2
   893       42  3.92976e-05  3.60273e-05      228.717        2
   894      240  0.000214385  0.000223734      1420.36        3
   895       60  6.62368e-05  8.06652e-05      512.099        2
   896       11   1.5247e-05            0            0        2
   897       27  2.52816e-05  1.08675e-05      68.9919        2
   898        1  2.07212e-06  1.40814e-07     0.893948        1
   899        2   5.7574e-07            0            0        3
   900        1  8.34437e-07  2.06033e-07      1.30799        3
   901       14  7.07227e-06  7.79743e-06      49.5016        3
   902       15  1.86753e-05  1.20575e-05      76.5463        2
   903      102  8.15509e-05  7.98671e-05      507.033        2
   904       97  7.98087e-05  9.73362e-05      617.934        2
   905      165  0.000147672  0.000186543      1184.26        1
   906       22  1.74571e-05  2.38461e-05      151.386        1
   907       70  5.61068e-05  5.65782e-05      359.184        2
   908      462  0.000570411  0.000640263      4064.68        1
   909     1599    0.0011948   0.00153885      9769.32        1
   910       14  5.80106e-06  6.05941e-06      38.4679        2
   911      219  0.000208849  0.000201507      1279.26        2
   912       77  7.65569e-05  8.12164e-05      515.598        2
   913       43  3.01198e-05   2.6419e-05       167.72        3
   914       29  3.58578e-05  4.47012e-05      283.783        3
   915      276  0.000363339    0.0001509      957.983        1
   916      609  0.000534704   0.00041724      2648.83        2
   917       65  5.36185e-05            0            0        3
   918       65  5.09355e-05  3.31253e-05      210.294        2
   919       26  1.50838e-05  2.04325e-05      129.715        2
   920       59  4.15418e-05  2.89693e-05       183.91        3
   921       23  2.57878e-05  2.60292e-05      165.245        2
   922      272  0.000209922  0.000294007      1866.49        1
   923      486  0.000297327  0.000381601      2422.58        4
   924       21  6.77439e-06  6.77022e-06      42.9804        2
   925      208  0.000200288  3.42686e-05      217.553        5
   926        5  6.16621e-06            0            0        2
   927        3  2.06003e-06            0            0        1
   928        2  2.10454e-06            0            0        1
   929        1  5.91704e-07  9.76072e-09    0.0619655        1
   930       24  2.67008e-05            0            0        2
   931      325  0.000218223  0.000130897      830.996        3
   932        4  2.29447e-06            0            0        2
   933        2  1.62911e-06            0            0        2
   934      674  0.000535652  0.000348458      2212.17        3
   935       26  1.16212e-05  9.21877e-06      58.5249        2
   936       45  2.22517e-05  2.08831e-05      132.575        3
   937       11  5.71211e-06  6.42722e-06      40.8029        5
   938      174  0.000110657  0.000139981      888.663        7
   939       34  2.08904e-05  1.98408e-05      125.959        3
   940        2  9.05314e-07  7.06945e-07      4.48801        2
   941       46  3.83498e-05  4.24844e-05       269.71        4
   942        8  6.25052e-06   7.7188e-06      49.0024        2
   943      177  0.000107307  0.000159997      1015.74        3
   944       47  6.82702e-05            0            0        3
   945       28  3.36723e-05  2.56556e-06      16.2873        2
   946        1  1.47046e-06  3.41359e-08      0.21671        2
   947        2  2.67789e-06  8.91404e-08     0.565903        2
   948        8  1.45168e-05  1.13715e-05      72.1915        1
   949        9   8.7908e-06            0            0        1
   950      164  0.000159615  0.000152429      967.686        4
   951      904  0.000880781   0.00104861      6657.05        5
   952        1   1.4662e-06  5.75623e-09    0.0365431        1
   953        2  2.07512e-06  3.82784e-08     0.243009        2
   954      152  0.000198378   3.4438e-05      218.628        5
   955      149  0.000179409  0.000213984      1358.47        4
   956     7481   0.00687707   0.00600214      38104.3       38
   957       72  8.14294e-05  1.52125e-05      96.5757        5
   958     1399   0.00172026   0.00231125      14672.9        5
   959        4  3.25436e-06  4.01551e-06      25.4922        3
   960      190  0.000152832  8.30049e-05      526.953        2
   961        3  1.50929e-06  1.26588e-06      8.03636        2
   962      149  0.000185542  5.20294e-05      330.306        6
   963       37  3.51299e-05   6.2914e-06      39.9407        2
   964        3  1.47277e-06   1.1057e-07     0.701945        3
   965      159   0.00013641            0            0        3
   966        2  5.00255e-06  6.20017e-06      39.3615        2
   967       16  1.55247e-05            0            0        4
   968        6  4.54575e-06  1.84116e-07      1.16885        2
   969        2  1.27292e-06            0            0        3
   970        1  1.24066e-06   2.1431e-09    0.0136054        2
   971      941  0.000908197   0.00076218      4838.66        7
   972      382   0.00035739  0.000312855      1986.15        3
   973       22  2.71051e-05            0            0        1
   974       66   5.0514e-05            0            0        1
   975      637  0.000701873  0.000723422      4592.61        9
   976      252  0.000138523  0.000143269      909.537        4
   977       63  7.81625e-05  6.73046e-05       427.28        3
   978       23  3.23161e-05  3.19838e-05      203.048        3
   979       88  8.04014e-05   6.7463e-05      428.285        4
   980      171  0.000178622  0.000194499      1234.77        3
   981       62   6.6732e-05  7.68707e-05       488.01        3
   982      468  0.000367483  0.000357769      2271.28        5
   983      180  0.000191844  0.000217222      1379.03        2
   984        6  4.01725e-06            0            0        3
   985        7  3.81232e-06  2.04191e-07      1.29629        3
   986     1544   0.00114126   0.00094949      6027.79       10
   987      227  0.000247195  0.000225318      1430.42        3
   988      271   0.00030755  0.000386351      2452.73        6
   989      899  0.000572456  0.000503965       3199.4       15
   990        2   1.6989e-06  7.51935e-08     0.477362        2
   991       13  1.15544e-05            0            0        2
   992        2  1.17103e-06            0            0        1
   993       53  6.54525e-05            0            0        2
   994        1  1.08631e-06  2.69155e-08     0.170871        1
   995     1099  0.000889719   0.00110734      7029.86        8
   996       21  2.30738e-05  1.18254e-05      75.0727        2
   997       11  6.48149e-06            0            0        3
   998     4034   0.00326783   0.00288916      18341.7       15
   999      117  8.77584e-05  6.41097e-05      406.997        2
  1000      268  0.000154405  0.000160107      1016.43        6
  1001       45  6.27433e-05  1.49344e-05      94.8105        6
  1002        7  1.04634e-05            0            0        2
  1003        6  5.18827e-06            0            0        2
  1004      143  0.000100338            0            0        4
  1005        1  5.96751e-07  1.77867e-10   0.00112918        1
  1006      129  0.000110385  9.42625e-05      598.421        7
  1007      676  0.000586258   0.00086331      5480.68        3
  1008        8  2.89766e-06            0            0        3
  1009      136  9.10137e-05  8.61834e-05      547.131        6
  1010        2  1.81586e-06            0            0        1
  1011       55  3.39685e-05            0            0        3
  1012       68  4.86862e-05  4.56458e-05       289.78        4
  1013       28  2.86036e-05  3.40047e-05      215.877        2
  1014       39  3.92349e-05  4.67123e-05      296.551        2
  1015      169  0.000255604  0.000285194      1810.54        4
  1016      399   0.00036161  0.000312022      1980.85        6
  1017      131  0.000154003   0.00016494      1047.11        2
  1018      186  0.000135126  0.000103967      660.028        5
  1019      325  0.000259867  0.000281888      1789.55        5
  1020        9  6.79445e-06  4.91425e-06      31.1979        2
  1021       40  3.41101e-05  2.65996e-05      168.866        2
  1022       36  4.52278e-05   3.0558e-05      193.996        1
  1023      108  0.000111546  9.91987e-05      629.758        1
  1024       13   1.7188e-05  1.89748e-05      120.461        3
  1025      367  0.000234861  0.000224628      1426.04        4
  1026       21  2.45439e-05   1.5145e-05      96.1472        4
  1027        4  3.95207e-06  2.70732e-06      17.1873        1
  1028        8  5.84466e-06  5.69773e-06      36.1717        2
  1029       72  3.35121e-05  3.11486e-05      197.745        5
  1030       67  3.68282e-05  3.52863e-05      224.013        5
  1031      272  0.000200704  0.000147456      936.115        9
  1032        2  1.27209e-06  1.03108e-06      6.54579        2
  1033       13  7.08518e-06  7.18855e-06      45.6361        3
  1034       51  2.39155e-05  2.60009e-05      165.065        2
  1035      382  0.000259637  0.000205809      1306.57        7
  1036       15  8.59057e-06  9.64426e-06      61.2261        2
  1037        7  4.25388e-06            0            0        3
  1038      441   0.00029954  0.000203917      1294.56        3
  1039      178  0.000145857   0.00012606      800.287        5
  1040      137  0.000104383  9.17036e-05      582.176        4
  1041      315  0.000291287  0.000195436      1240.72        5
  1042      199  0.000210234  0.000221412      1405.62        2
  1043       20  1.07657e-05  1.18043e-05      74.9388        2
  1044       16  5.85049e-06  5.94615e-06      37.7489        1
  1045       44  4.75341e-05  4.30764e-05      273.469        1
  1046       58  3.28515e-05  3.03175e-05      192.469        3
  1047      137  0.000111161  8.67881e-05       550.97        6
  1048       18  1.20495e-05   1.2301e-05      78.0925        1
  1049       72  4.54144e-05  3.60921e-05      229.129        1
  1050      158  0.000254738            0            0        1
  1051       17  6.59468e-06  6.79578e-06      43.1427        3
  1052       38  2.74904e-05  2.76451e-05      175.504        3
  1053       21  2.41516e-05  2.43413e-05       154.53        2
  1054       19  2.92914e-05   2.0234e-05      128.455        2
  1055       66  8.42475e-05    4.776e-05      303.202        1
  1056      816  0.000676875  0.000530105      3365.35        3
  1057      199  0.000132166  0.000184386      1170.56        4
  1058      196  0.000148976  0.000122801      779.595        6
  1059       31  1.41174e-05  1.62745e-05      103.318        4
  1060      192   0.00017002  0.000171348       1087.8        7
  1061       46   3.7126e-05  3.14071e-05      199.386        4
  1062      110  7.08125e-05  7.67929e-05      487.516        6
  1063       63  4.66438e-05  5.45799e-05      346.498        4
  1064      120  0.000113577  8.95987e-05      568.813        5
  1065       45   4.2647e-05  3.67616e-05       233.38        4
  1066       27  1.98661e-05  2.06977e-05      131.398        2
  1067     1102  0.000764469   0.00101147      6421.28        6
  1068       63  3.61012e-05  4.82889e-05       306.56        5
  1069       75  5.40425e-05  6.33836e-05      402.388        2
  1070      385  0.000315906  0.000285357      1811.57        3
  1071       24  1.42842e-05  1.56516e-05      99.3633        2
  1072       65  3.96433e-05  4.17907e-05      265.306        2
  1073       30  1.80073e-05  1.69461e-05      107.582        3
  1074      115  8.63961e-05  8.79956e-05      558.636        4
  1075       23  9.37407e-06   1.2437e-05      78.9554        1
  1076       30  1.66956e-05   1.9114e-05      121.344        2
  1077     2229   0.00268925    0.0024363      15466.7        7
  1078      677  0.000774733  0.000865449      5494.26        6
  1079       50   5.1101e-05            0            0        2
  1080      121   9.7995e-05  5.21863e-05      331.302        3
  1081       16  1.03768e-05  2.13903e-06      13.5795        3
  1082       21  1.49835e-05            0            0        3
  1083       28  2.62235e-05  2.95989e-05      187.907        2
  1084       22  8.78994e-06  8.93475e-06      56.7218        2
  1085      371  0.000493901  0.000426945      2710.44        3
  1086     2116   0.00226149   0.00192834        12242       13
  1087       72  6.91366e-05            0            0        4
  1088        1  7.81238e-07   1.6767e-08     0.106444        2
  1089        5  3.33454e-06            0            0        2
  1090       35  1.83447e-05  1.52633e-05      96.8985        1
  1091      595  0.000839297            0            0        4
  1092        5  3.54012e-06            0            0        1
  1093      237  0.000198984            0            0        2
  1094        9  1.85188e-05            0            0        1
  1095        8  1.12862e-05            0            0        1
  1096      839  0.000936846  0.000764394      4852.72        4
  1097     2168   0.00188694   0.00201851      12814.4       23
  1098      409  0.000402593  0.000400473      2542.38       10
  1099      144  0.000153681  0.000131764      836.497        5
  1100      131  0.000139527  0.000151144      959.527        5
  1101      275  0.000255839  0.000341391      2167.31        4
  1102       16  1.51573e-05  1.37553e-05      87.3248        3
  1103      115  0.000152567  0.000138009      876.146        5
  1104      141  0.000162084  0.000152964      971.087        6
  1105        2  3.00051e-06            0            0        1
  1106       58  3.28891e-05            0            0        3
  1107        1  1.15722e-06  3.50316e-08     0.222397        1
  1108       11  8.63394e-06            0            0        3
  1109     1829   0.00163465   0.00130533      8286.82        4
  1110       11  8.54881e-06            0            0        2
  1111      302  0.000294394  0.000242956       1542.4        7
  1112      135  0.000132336  0.000147224      934.646        4
  1113      189  0.000169907  0.000189826       1205.1        2
  1114      130  0.000160296    0.0001097      696.427        6
  1115       63  6.93274e-05  6.52643e-05      414.327        4
  1116        9  1.15601e-05  9.67764e-06       61.438        3
  1117       22  2.52847e-05  6.74005e-06      42.7889        1
  1118       54  5.87736e-05  1.12223e-05      71.2441        3
  1119        2  2.44585e-06            0            0        1
  1120        5  3.59589e-06            0            0        3
  1121        1  9.87825e-07  8.16193e-08     0.518156        1
  1122        1  4.35249e-07   3.6454e-08     0.231427        2
  1123        1  4.13292e-07  1.10015e-08    0.0698422        1
  1124     1200   0.00119912  0.000958908      6087.58        7
  1125      307  0.000197641  0.000167875      1065.75        2
  1126      210   0.00017888   0.00019812      1257.75        4
  1127      654  0.000641331  0.000535616      3400.33        6
  1128       98  7.89436e-05  8.23404e-05      522.734        2
  1129       20  2.29655e-05  2.41153e-05      153.095        2
  1130       43  4.59604e-05   4.4114e-05      280.056        3
  1131      586  0.000514609  0.000520477      3304.22        7
  1132     1213   0.00104309   0.00107219      6806.76       11
  1133      242  0.000168231            0            0        4
  1134      388  0.000249963  0.000217607      1381.47        6
  1135        1  1.45846e-06  1.60916e-08     0.102157        1
  1136        1  8.93915e-07  1.42073e-09   0.00901946        2
  1137      125  0.000108762  0.000154211      979.001        2
  1138        2  1.19368e-06   2.5926e-07       1.6459        2
  1139       37  2.02038e-05  1.09051e-05      69.2308        3
  1140      114  6.96669e-05            0            0        4
  1141      161  0.000113688  8.80392e-05      558.912        4
  1142       11  6.86927e-06  6.75928e-06      42.9109        2
  1143       64  4.10367e-05  3.11123e-05      197.515        3
  1144       12  1.63844e-05  1.84441e-05      117.092        2
  1145      231  0.000192259  0.000250159      1588.12        2
  1146       24  2.42314e-05  2.13164e-05      135.326        3
  1147       30  4.12922e-05  4.11803e-05      261.431        2
  1148      114  5.58866e-05  6.59465e-05      418.658        3
  1149       27  4.98472e-05   5.4659e-05          347        2
  1150      752  0.000655007  0.000675318      4287.23        9
  1151       24  2.66368e-05  3.08763e-05      196.016        2
  1152       50  2.78183e-05            0            0        3
  1153      217  0.000235674  0.000195247      1239.52        1
  1154      485  0.000501426  0.000537989       3415.4        9
  1155       14  5.93886e-06  5.25104e-06      33.3359        4
  1156        2  1.08533e-06  8.79716e-08     0.558483        3
  1157        6  2.52108e-06  1.20648e-06      7.65927        3
  1158       69  3.05891e-05  2.49544e-05      158.422        4
  1159      103  7.87129e-05  7.51029e-05      476.787        4
  1160      145  0.000139037  9.42576e-05       598.39        4
  1161        8  7.10022e-06  6.88132e-06      43.6857        1
  1162        9  2.79523e-06  2.84972e-06      18.0913        2
  1163        3  2.34601e-06  1.58863e-06      10.0853        2
  1164       37  4.50871e-05  3.81706e-05      242.324        1
  1165      106  0.000111475  0.000131291      833.493        1
  1166      169  0.000179116  0.000101244      642.744        2
  1167       32  2.16138e-05  1.17812e-05      74.7926        2
  1168       28  1.04894e-05  7.76363e-06       49.287        2
  1169        2  9.72951e-07            0            0        2
  1170       48  5.18827e-05  6.12165e-05       388.63        2
  1171       85  5.20588e-05  5.23258e-05      332.188        2
  1172      280  0.000253021  0.000126728      804.527        3
  1173        2  1.27025e-06  1.34627e-07      0.85467        2
  1174        9  6.64443e-06   5.9575e-06      37.8209        2
  1175       43  4.51687e-05  5.37521e-05      341.243        2
  1176       35  2.42382e-05  1.00304e-05      63.6776        1
  1177       59  6.42197e-05  5.61669e-05      356.573        1
  1178        7  1.00875e-05   3.6069e-07      2.28983        1
  1179       56    6.891e-05   7.8533e-05      498.563        1
  1180      195  0.000129936  9.06596e-05      575.548        4
  1181       17  6.13298e-06            0            0        5
  1182        8  4.65582e-06  5.33339e-06      33.8587        3
  1183       22  8.66266e-06  8.42772e-06      53.5029        6
  1184        1  3.15236e-07   7.4516e-08     0.473061        2
  1185      637  0.000535205  0.000633987      4024.83        4
  1186       67      4.9e-05   2.4627e-05      156.343        4
  1187       47  3.68492e-05  3.77305e-05       239.53        2
  1188        8   1.1367e-05  1.38153e-05      87.7058        2
  1189      272  0.000197454  0.000185107      1175.14        2
  1190       93  5.07283e-05  6.54499e-05      415.506        2
  1191       31  2.10979e-05  2.25734e-05      143.306        2
  1192       19  1.97852e-05  2.19638e-05      139.436        4
  1193       23  2.73756e-05  2.51468e-05      159.643        4
  1194        8  9.61359e-06  1.24401e-05      78.9757        4
  1195      106   9.2633e-05  7.92068e-05      502.841        2
  1196        8  5.25773e-06  5.58637e-06      35.4648        1
  1197        3  1.68642e-06            0            0        3
  1198        1   4.4091e-07  5.52956e-08     0.351041        3
  1199       30  2.22807e-05  2.05739e-05      130.612        1
  1200       84  5.42304e-05  5.89817e-05      374.442        1
  1201       34  1.85365e-05  1.66211e-05      105.518        1
  1202       54  3.97389e-05  1.96398e-05      124.683        3
  1203       62  8.49906e-05  4.67374e-05       296.71        5
  1204       10  1.20789e-05  8.23923e-06      52.3063        3
  1205       21  1.77201e-05  1.08394e-05      68.8133        3
  1206      273  0.000227217   0.00028563      1813.31        4
  1207       68  4.93747e-05  4.87639e-05      309.575        2
  1208       75  7.06388e-05  7.17213e-05      455.319        2
