Model info
==========
Mesh file: scene_dense_mesh_refine_texture-exported.obj (VN 613038, FN 1224392)
Texture files:
  scene_dense_mesh_refine_texture-exported01.jpg

Parameterization info
=====================
Number of charts: 904
    ID    faces      perc_3D      perc_UV   resolution    n_adj
     0    11071    0.0119888    0.0108979      -481182       15
     1     2527   0.00284607   0.00261419      -115426        7
     2      967   0.00141319   0.00246141      -108680        8
     3     2109   0.00243759   0.00222136     -98080.5        5
     4    11199    0.0132526    0.0121251      -535366        7
     5     3881   0.00524546   0.00479348      -211648        4
     6     2770   0.00316586   0.00410941      -181444       10
     7      409  0.000545444  0.000699457     -30883.4        3
     8     3130   0.00506324   0.00458337      -202372        3
     9     1029   0.00144247   0.00134308     -59301.5        5
    10        1  4.71479e-07  4.21668e-07     -18.6181        0
    11        1  4.89748e-07  4.37899e-07     -19.3347        0
    12      173  0.000220923  0.000199924     -8827.34        3
    13     3884   0.00477418   0.00481988      -212814       10
    14      104  0.000110867  0.000105344     -4651.29        4
    15      319  0.000355931  0.000336437     -14854.8        3
    16     2835   0.00365123   0.00329057      -145290        4
    17     5237   0.00587271   0.00540073      -238461        7
    18     2194   0.00243436    0.0025652      -113262        8
    19     1211   0.00303472   0.00296188      -130777        6
    20     1134   0.00169913   0.00162653     -71816.6        5
    21      665   0.00111077   0.00106739       -47129        5
    22     2114   0.00186848   0.00174102     -76871.9        7
    23       34  1.17668e-05  1.14753e-05     -506.673        2
    24       84  5.52446e-05  5.00458e-05     -2209.69        2
    25      171  0.000117464   0.00012491     -5515.19        5
    26     7361    0.0123774    0.0116684      -515200        9
    27     1117   0.00386354   0.00466311      -205892        6
    28     2857   0.00224317   0.00211243     -93270.8       12
    29     2785    0.0016997   0.00155545     -68678.6        8
    30     2600   0.00176068   0.00161981     -71520.1        7
    31      442  0.000335309  0.000319566     -14109.9        5
    32     1783   0.00111603   0.00102858     -45415.4        9
    33      359  0.000190942  0.000185687      -8198.7        4
    34     5486   0.00397849   0.00372447      -164448       10
    35     2628   0.00153187   0.00143866     -63521.8        9
    36     2557   0.00160421   0.00147029     -64918.2        7
    37      651  0.000458421  0.000416797       -18403        4
    38       17  4.76926e-06   4.7735e-06     -210.766        3
    39       27  8.35972e-06  8.98998e-06     -396.938        4
    40        5  4.46202e-07   4.0411e-07     -17.8429        1
    41       40  3.76407e-05  3.61654e-05     -1596.83        3
    42      434  0.000532286  0.000478074     -21108.6        5
    43       23  1.17572e-05  1.21604e-05     -536.924        1
    44      440    0.0012882   0.00115606     -51044.2        3
    45      787  0.000501193  0.000451133       -19919        4
    46     3391   0.00220387   0.00210051     -92744.7        9
    47      448  0.000278443  0.000263828     -11648.9        8
    48       23  7.91797e-06  8.23507e-06     -363.607        2
    49       21  4.67344e-06   4.7142e-06     -208.148        3
    50     7582   0.00494886   0.00459007      -202667        9
    51     5038   0.00429006   0.00403436      -178131        9
    52      808    0.0004572   0.00056485     -24940.1        6
    53     2399   0.00129887   0.00123617     -54581.2       10
    54     3715   0.00359724   0.00326952      -144361        9
    55     7614   0.00664592    0.0061817      -272943       11
    56     3920   0.00266498   0.00243752      -107625       11
    57       76  3.28121e-05  8.49819e-05     -3752.24        3
    58      384  0.000396709  0.000588913     -26002.5        4
    59      266  0.000189465  0.000173776     -7672.82        3
    60     2437   0.00175096   0.00170768     -75400.1        7
    61      269   0.00015435  0.000144674     -6387.84        3
    62     4845   0.00347859   0.00319362      -141009       10
    63    10838   0.00612643   0.00634387      -280104       16
    64      839  0.000554303  0.000506678     -22371.6        6
    65      223  0.000140249  0.000127708     -5638.77        4
    66     8311   0.00549667   0.00589392      -260237       25
    67      637  0.000339579  0.000351286     -15510.5        7
    68      403  0.000237015  0.000216195     -9545.73        3
    69      163  8.16618e-05   0.00344116      -151939        3
    70       87   4.4384e-05  6.05197e-05     -2672.15        3
    71       23  6.12207e-06  6.13383e-06      -270.83        3
    72      226  0.000143374  0.000129532      -5719.3        2
    73      227  0.000221432  0.000287954     -12714.1        2
    74      345  0.000278631  0.000259515     -11458.5        3
    75      111  5.95051e-05  9.49409e-05     -4191.97        3
    76       72  4.72181e-05  5.88554e-05     -2598.67        4
    77       34  1.77532e-05  1.66825e-05     -736.591        3
    78       51  2.59606e-05  2.80409e-05      -1238.1        2
    79       25  7.75364e-06  2.59128e-05     -1144.14        2
    80        6  1.68613e-06  1.55294e-06     -68.5678        2
    81       11  2.38012e-06  6.93997e-06     -306.423        2
    82      324  0.000120164  0.000108603      -4795.2        4
    83     2721  0.000900605  0.000817721     -36105.2        7
    84     9975   0.00626119   0.00598315      -264177       17
    85      842  0.000260638  0.000240483     -10618.1        8
    86      340  0.000108453  0.000119422     -5272.87        6
    87     3234  0.000980014   0.00102157       -45106        8
    88      125  4.05505e-05  4.23072e-05     -1868.01        4
    89      259  0.000124259  0.000124354     -5490.66        5
    90      465  0.000215673  0.000209473     -9248.96        6
    91       63  2.42278e-05  2.45254e-05     -1082.88        2
    92      609  0.000405807  0.000365864     -16154.2        5
    93      851  0.000568494  0.000515731     -22771.3        7
    94     3508   0.00267455   0.00261487      -115456       11
    95       10  9.90235e-07  1.08799e-06     -48.0385        2
    96       17  6.13069e-06  5.74942e-06     -253.856        3
    97     4247    0.0024198   0.00231281      -102118        4
    98     4371   0.00254874   0.00268755      -118665       11
    99     2622   0.00155803   0.00141847     -62630.4       12
   100      448  0.000299396  0.000269935     -11918.5        3
   101      345   0.00017705  0.000159283     -7032.88        5
   102      465  0.000305628  0.000309372     -13659.8        5
   103      410  0.000197392  0.000228747     -10099.9        7
   104      366  0.000186684  0.000169357     -7477.69        5
   105     2683   0.00142539   0.00129712     -57272.1        8
   106      118  6.75246e-05  6.33696e-05     -2797.99        3
   107     1744   0.00112662   0.00102341     -45186.9        7
   108       12  2.18854e-06  2.40646e-06     -106.254        2
   109     2462   0.00137473   0.00129132       -57016       11
   110      552   0.00041311  0.000426133     -18815.2        6
   111      165  9.90645e-05   9.1843e-05     -4055.18        3
   112        7  4.34047e-07  3.96814e-07     -17.5207        2
   113     3600   0.00133069   0.00122945     -54284.6        3
   114     9725   0.00310067   0.00284084      -125433       10
   115     3120   0.00185843   0.00166599     -73559.4        6
   116     1344  0.000649809  0.000588141     -25968.5        3
   117      942  0.000295125  0.000341978     -15099.5        2
   118     5783   0.00405772   0.00437134      -193010       10
   119     3051   0.00317814   0.00298699      -131886       11
   120     1427   0.00074689  0.000734244     -32419.4        6
   121      438  0.000122932  0.000112809     -4980.89        4
   122     1652    0.0011563   0.00108024     -47696.3        6
   123      759   0.00038698  0.000407387     -17987.5        7
   124      121  6.93979e-05  6.88763e-05     -3041.13        2
   125     3882   0.00301612   0.00315127      -139140       12
   126     3061   0.00169898   0.00199211     -87958.4        8
   127     1617    0.0009506  0.000861644     -38044.5        9
   128      181  9.56012e-05   8.5909e-05     -3793.18        2
   129      695  0.000382323  0.000399037     -17618.8        6
   130      243  0.000118854  0.000112754     -4978.49        3
   131      783  0.000466484  0.000466877     -20614.2        7
   132      207  0.000157694  0.000143637     -6342.08        6
   133      562  0.000344237  0.000820313     -36219.6        6
   134      590  0.000317679  0.000521643     -23032.3        7
   135      413   0.00021986  0.000205424     -9070.17        5
   136      652  0.000588765  0.000584705     -25816.7        4
   137       16  6.96689e-06  6.59371e-06     -291.135        3
   138      326  0.000230358  0.000264976     -11699.6        8
   139        8  1.72448e-06  1.68373e-06     -74.3423        3
   140       12  1.63308e-06  1.79069e-06     -79.0649        3
   141       16  1.09234e-05  1.01264e-05     -447.114        4
   142        8  3.01611e-06  3.97718e-06     -175.606        3
   143      523  0.000300022  0.000816287     -36041.9        4
   144      267  0.000173213  0.000224169     -9897.81        3
   145      342  0.000178303   0.00017152      -7573.2        5
   146        5  5.20226e-07   4.7925e-07     -21.1605        3
   147     1943    0.0013989   0.00130028     -57411.7       11
   148     1183  0.000824702  0.000838532     -37024.1       10
   149     3724   0.00180275   0.00205522     -90744.8        7
   150      469  0.000418501  0.000508051     -22432.2        9
   151       16  8.29404e-06  7.74667e-05     -3420.42        3
   152        9  9.68247e-07  2.35525e-06     -103.992        3
   153       29  2.59268e-05  2.71897e-05     -1200.52        3
   154     1205  0.000466151  0.000425677     -18795.1        3
   155     2554   0.00137564   0.00145874     -64408.3        8
   156      886  0.000399576  0.000373988     -16512.9        8
   157      313  9.37299e-05  8.81477e-05     -3892.02        4
   158       23  7.57825e-06  6.89027e-06     -304.229        1
   159      463  0.000193352  0.000183609     -8106.98        4
   160      611  0.000273496  0.000246183     -10869.8        3
   161      288  0.000123459  0.000123279     -5443.21        3
   162      727  0.000453217  0.000419966     -18542.9        3
   163      233  9.79137e-05  9.02275e-05     -3983.85        6
   164      217  0.000133903  0.000128748     -5684.67        5
   165        7  1.10206e-07  1.10781e-07     -4.89137        1
   166        6  4.85498e-07  5.01791e-07     -22.1558        2
   167        9  1.17438e-06   1.0882e-06     -48.0476        2
   168     3812   0.00216034   0.00202321     -89331.6       12
   169      121  4.54533e-05  0.000173938     -7679.96        3
   170      965  0.000551826  0.000523108       -23097        9
   171     1384  0.000912968  0.000848042       -37444        4
   172      617  0.000213616   0.00022291     -9842.22        6
   173      118  5.84461e-05  5.43449e-05     -2399.51        4
   174      603  0.000306483  0.000287183     -12680.1        5
   175      351  0.000169795  0.000154009     -6800.03        5
   176      278   0.00020387    0.0001997     -8817.45        5
   177     9634   0.00761102    0.0070036      -309233       18
   178      764  0.000355569  0.000329365     -14542.6       11
   179       23  8.38708e-06  2.04597e-05     -903.365        2
   180      527   0.00028781  0.000258199     -11400.4        5
   181        5  7.85826e-07  7.05855e-07     -31.1659        2
   182      843  0.000313694  0.000285531     -12607.2       10
   183      262   0.00016862  0.000151578      -6692.7        6
   184     2374   0.00124869   0.00118027     -52112.9       10
   185      134  4.46345e-05   4.0708e-05      -1797.4        3
   186      176  0.000100599  9.03011e-05      -3987.1        4
   187       18    4.632e-06  4.35852e-06     -192.443        3
   188       98  8.03491e-05  7.55884e-05     -3337.49        4
   189      233  9.06605e-05   8.2257e-05     -3631.93        6
   190       17  3.33085e-06  3.46207e-06     -152.862        3
   191       10  1.36581e-06  1.27312e-06     -56.2127        2
   192       17  4.85344e-06  5.79037e-06     -255.665        4
   193      769  0.000461217  0.000446374     -19708.9       10
   194       67  1.69764e-05  1.52997e-05     -675.536        2
   195       36  2.66428e-05  2.62436e-05     -1158.75        5
   196        6  8.47979e-07  7.69212e-07     -33.9633        2
   197     1230  0.000678927  0.000701164     -30958.8       11
   198        7  1.06352e-06  1.04131e-06     -45.9773        2
   199    12053   0.00562321   0.00541158      -238940       10
   200     3607    0.0029511   0.00272917      -120502        7
   201      339  0.000123485  0.000111461     -4921.38        4
   202     1738   0.00148114   0.00137855     -60867.5        6
   203      385  0.000121277  0.000118189     -5218.44        5
   204      242  0.000108473   0.00010122     -4469.19        2
   205      175  0.000100003  0.000161442     -7128.21        6
   206       79  2.83804e-05  2.69026e-05     -1187.84        3
   207       18  8.24062e-06  8.26309e-06     -364.844        3
   208      818  0.000776042  0.000697323     -30789.2        7
   209        9  1.34773e-06  2.19998e-06     -97.1364        2
   210       10  5.52089e-06  5.05509e-06     -223.199        5
   211        8  9.78564e-07  9.53016e-07     -42.0789        2
   212        4  3.93678e-07   3.8435e-07     -16.9704        3
   213       45  3.33811e-05  3.10502e-05     -1370.97        5
   214     1404   0.00216148   0.00197863     -87363.2        5
   215     2008   0.00128709   0.00123382     -54477.6       10
   216     1901   0.00287922   0.00262454      -115882        6
   217      874  0.000546721  0.000514434       -22714        4
   218     6341   0.00430474   0.00591819      -261308       16
   219     7644   0.00544024   0.00527611      -232958       11
   220     2009   0.00126883   0.00118894     -52495.6        7
   221     1300   0.00105512   0.00098903       -43669        4
   222     2416   0.00932557   0.00848618      -374694        5
   223     2897   0.00297193   0.00278992      -123184        8
   224     3226   0.00263443   0.00245439      -108370        9
   225     5170   0.00560471   0.00513539      -226745        8
   226      126  0.000245195  0.000260079     -11483.4        3
   227     2760   0.00383129   0.00355076      -156778        6
   228      696  0.000390144  0.000360117     -15900.4        3
   229     2391   0.00212434   0.00195792       -86449        5
   230     1716   0.00238052   0.00216019     -95379.8        6
   231       23  1.56152e-05  1.47973e-05     -653.351        2
   232     1152  0.000780732  0.000723822     -31959.2        5
   233       38  2.32861e-05  2.34207e-05      -1034.1        3
   234       10  3.52842e-06  3.83085e-06     -169.145        2
   235       81  5.02972e-05    4.901e-05     -2163.96        2
   236      731  0.000695099  0.000728394     -32161.1        6
   237     4368   0.00555027   0.00504402      -222711        7
   238      439  0.000422241  0.000381681     -16852.5        3
   239     9783   0.00816858   0.00909184      -401436       19
   240      657  0.000525068   0.00047127     -20808.2        3
   241      940  0.000715722   0.00368569      -162736        5
   242     2714   0.00192603   0.00174661     -77118.6        9
   243     1132  0.000829748  0.000948625       -41885        7
   244      321  0.000365484  0.000330803     -14606.1        4
   245      617  0.000497109  0.000447033       -19738        5
   246      258    0.0001901  0.000204991     -9051.04        4
   247     1449     0.001288   0.00130521     -57629.4        6
   248     1467  0.000881094  0.000808264     -35687.6        8
   249      196   0.00012498  0.000114409     -5051.56        3
   250     5726   0.00348549   0.00328589      -145084       13
   251      143   8.5895e-05  7.99726e-05     -3531.06        3
   252       70  2.84954e-05   2.8999e-05      -1280.4        2
   253     3232   0.00207986   0.00248465      -109706        8
   254      186  9.51611e-05  9.11094e-05     -4022.79        2
   255       12  1.12849e-06  1.11866e-06     -49.3928        2
   256       81  2.91369e-05  2.84198e-05     -1254.83        3
   257     6447   0.00419101   0.00407387      -179876       10
   258     1778    0.0011175   0.00107488     -47459.4        8
   259      305  0.000172781   0.00016642     -7348.03        4
   260       46  1.67508e-05  1.52078e-05     -671.477        3
   261     1379  0.000839788  0.000775474     -34239.8        7
   262       29  1.61644e-05  2.20799e-05     -974.904        3
   263      271  0.000178786  0.000251878     -11121.3        4
   264       33  1.31262e-05  1.32398e-05     -584.584        2
   265       40  1.82091e-05  1.70648e-05      -753.47        2
   266       20  1.52282e-05  1.39063e-05     -614.011        2
   267       10  4.39088e-06  4.97759e-06     -219.778        3
   268       17  7.63331e-06   7.5702e-06      -334.25        2
   269     7100   0.00453308    0.0042717      -188610        7
   270     7098   0.00414263   0.00395218      -174502       10
   271     1731   0.00145456   0.00186316       -82265       11
   272      449  0.000224658  0.000249849     -11031.7        4
   273     2330   0.00201231   0.00187422     -82753.1        8
   274      339  0.000242878  0.000218079     -9628.92        3
   275      987   0.00041936  0.000704243     -31094.7        5
   276     4168   0.00300961   0.00293038      -129386        6
   277     1632    0.0016498   0.00149533     -66023.9        5
   278       49  2.26086e-05   2.0775e-05     -917.288        2
   279       62  3.38475e-05   3.5035e-05     -1546.91        2
   280      396  0.000299351  0.000276488     -12207.9        3
   281       14  1.20615e-06  1.53161e-06      -67.626        2
   282       17  4.87112e-06  5.35804e-06     -236.576        2
   283      422   0.00013747  0.000123346     -5446.16        3
   284       37  1.93058e-05  1.82049e-05     -803.809        2
   285       56  8.32076e-06   7.6421e-06     -337.425        3
   286      172  0.000120849  0.000114768     -5067.41        3
   287     4009   0.00281155   0.00309982      -136868       11
   288     4739   0.00287368   0.00264138      -116626        6
   289     4036   0.00238954   0.00223559     -98709.1        8
   290     1030  0.000525211  0.000514346     -22710.2        9
   291     1186  0.000683001  0.000692446     -30573.9        7
   292      305   0.00015775  0.000147384     -6507.51        4
   293     2286   0.00118942   0.00113511       -50119        9
   294      573  0.000336048  0.000303929     -13419.5        4
   295     2832    0.0014057   0.00164129     -72468.4       13
   296       44  2.35232e-05  2.16928e-05     -957.813        2
   297      343  0.000169916  0.000158909     -7016.38        4
   298      351  0.000190085  0.000718979     -31745.4        3
   299        7  1.37009e-06  1.33353e-06       -58.88        2
   300      337  0.000179091  0.000170195     -7514.69        3
   301        9  1.52762e-06  1.58897e-06     -70.1585        2
   302        7  5.33405e-07  5.26699e-07     -23.2556        2
   303    10462   0.00679234   0.00619044      -273329        5
   304     5193   0.00320595   0.00298238      -131682        8
   305      102  8.28553e-05  0.000103819     -4583.94        2
   306      941  0.000626083   0.00257154      -113542        5
   307      792  0.000552388  0.000521688     -23034.3        5
   308     7084   0.00468489   0.00455074      -200931        9
   309      534  0.000345703  0.000333866     -14741.3        3
   310      938  0.000605284  0.000563561     -24883.1        4
   311       47  2.60849e-05  2.75477e-05     -1216.32        2
   312     3234   0.00194294   0.00186603     -82391.6       12
   313     4087   0.00263537   0.00314476      -138852       18
   314     3303   0.00197079   0.00178789     -78941.3        8
   315     4121   0.00254856    0.0024515      -108242       11
   316      427  0.000229399  0.000222999     -9846.18        5
   317     2041   0.00122763    0.0011661     -51487.1       14
   318      123  6.69417e-05  0.000229903       -10151        4
   319     6978   0.00451371   0.00437859      -193330       14
   320      543  0.000346771  0.000341955     -15098.5        6
   321      499  0.000235011  0.000252501     -11148.8        5
   322      537  0.000312187  0.000550823     -24320.7        6
   323      525  0.000277145  0.000268369     -11849.4        6
   324     1385   0.00128978   0.00140443     -62010.5        9
   325     1612   0.00091963   0.00252089      -111306        7
   326      656  0.000353908  0.000322651     -14246.1        6
   327    15957    0.0114175    0.0110028      -485811       18
   328      110  5.93443e-05  8.82562e-05     -3896.81        4
   329     1948   0.00145903    0.0013527     -59726.5        7
   330     3617    0.0028574   0.00300361      -132620       10
   331     1005  0.000562517  0.000513224     -22660.6        4
   332      532  0.000238457  0.000231615     -10226.6        8
   333       98   4.3276e-05  6.86161e-05     -3029.63        3
   334      345  0.000170212  0.000180948     -7989.48        5
   335      297  0.000159872  0.000151045     -6669.14        7
   336       21  5.77288e-06  5.53442e-06     -244.363        2
   337     1726   0.00139173   0.00131389     -58012.8       12
   338      261  0.000142963  0.000133328     -5886.87        5
   339       36  2.18732e-05  2.06428e-05     -911.452        3
   340       53  2.75252e-05  5.26917e-05     -2326.52        4
   341       12  3.57343e-06  3.45546e-06      -152.57        2
   342     6148   0.00516878   0.00481819      -212740        8
   343     4240   0.00334768   0.00309217      -136530        6
   344       46  1.77248e-05  1.65056e-05     -728.777        3
   345     2799   0.00367645   0.00332498      -146809        7
   346        9  9.17564e-07  1.05964e-06     -46.7868        2
   347       11  1.49927e-06  2.06904e-06     -91.3554        2
   348     1493     0.001239   0.00124723     -55069.4        5
   349        8  6.27207e-07  5.83268e-07     -25.7533        3
   350        5  4.99577e-07  4.53167e-07     -20.0089        3
   351     2191   0.00148513   0.00137491     -60707.1       13
   352       44   2.2175e-05  2.03294e-05     -897.612        2
   353     2271    0.0014361   0.00131028     -57853.2        6
   354     2104   0.00166362   0.00153871     -67939.5        8
   355      169  8.00228e-05  7.79154e-05     -3440.23        4
   356     3246   0.00251906   0.00258553      -114160       11
   357      576  0.000686733  0.000616447     -27218.2        5
   358      263  0.000201008  0.000198731     -8774.67        5
   359      336  0.000194448  0.000176627     -7798.68        5
   360      447  0.000346108  0.000311362     -13747.7        4
   361       50   3.7871e-05  4.37712e-05     -1932.65        3
   362       23  7.70499e-06  7.34087e-06     -324.125        3
   363     2924   0.00185322   0.00167678     -74035.7        8
   364      101  5.31007e-05  4.86096e-05     -2146.28        3
   365       11    2.841e-06  2.61817e-06     -115.601        2
   366     1985   0.00126522   0.00114586     -50593.5        9
   367     1775   0.00133699   0.00121531     -53660.1        5
   368       26  1.01548e-05   9.7937e-06     -432.425        2
   369        8  5.09568e-07  4.82402e-07     -21.2997        3
   370      476  0.000269773  0.000259278       -11448        7
   371     1295  0.000889172  0.000876593     -38704.6        6
   372      298  0.000174724  0.000173459     -7658.83        8
   373      276  0.000136442   0.00012449     -5496.67        5
   374       46  2.14292e-05  2.45889e-05     -1085.69        4
   375       45  2.30698e-05  2.87284e-05     -1268.46        3
   376      108   5.5362e-05  5.86574e-05     -2589.92        5
   377      199  0.000118793  0.000139857     -6175.15        6
   378       74  5.28694e-05  4.79094e-05     -2115.36        4
   379       21  4.23915e-06  5.84918e-06     -258.261        3
   380      136  0.000156377  0.000184734     -8156.66        3
   381       18  5.13288e-06   5.0507e-06     -223.006        2
   382       26  1.25312e-05  3.95537e-05     -1746.43        3
   383       18  5.24788e-06  5.11066e-06     -225.653        2
   384      150  0.000122163   0.00011343     -5008.32        5
   385      130  0.000109136   0.00120085     -53021.8        4
   386       13  2.99518e-06   5.3783e-06      -237.47        2
   387       63  4.88468e-05  4.42636e-05     -1954.39        2
   388       32  1.92759e-05  1.73237e-05       -764.9        3
   389     3595   0.00187475   0.00177128     -78207.9        4
   390        9  4.22861e-06  4.28719e-06     -189.294        2
   391       12  3.58015e-06  3.54836e-06     -156.672        2
   392      661  0.000243956  0.000287619     -12699.4        6
   393      938  0.000407517  0.000466845     -20612.8        5
   394     4355   0.00373465   0.00342051      -151027       13
   395      670  0.000237423  0.000213251     -9415.74        4
   396      900  0.000432498  0.000410138       -18109        6
   397      737  0.000807549  0.000730157     -32238.9        4
   398     7538   0.00909091   0.00824752      -364156       11
   399     6029    0.0058093   0.00522625      -230757       11
   400     4487   0.00516583   0.00477357      -210769       10
   401      992   0.00141009   0.00127824     -56438.7        7
   402     4066   0.00397978   0.00370271      -163487       12
   403      771  0.000711794  0.000668168     -29501.9       11
   404     4892   0.00404499   0.00426615      -188365       13
   405     1997   0.00120755   0.00109809     -48484.3       11
   406     4331    0.0052557   0.00582449      -257171       13
   407      292  0.000211911  0.000195254     -8621.12        6
   408     3930   0.00280292   0.00259494      -114576        2
   409      586  0.000404135  0.000375107     -16562.3        4
   410     1169  0.000610117  0.000558209     -24646.8        4
   411     3076   0.00235132   0.00253011      -111713        4
   412     6380   0.00395846   0.00358638      -158351        9
   413     2708    0.0030817   0.00284916      -125800        4
   414     1575   0.00133688   0.00121836     -53794.7        5
   415     5243    0.0055363   0.00509821      -225103        8
   416      696     0.001537   0.00137956     -60912.1        8
   417      645  0.000564627  0.000505861     -22335.5        4
   418     3877   0.00295066   0.00281266      -124189        9
   419     3804   0.00367999   0.00333542      -147270        7
   420      306  0.000242627  0.000217685     -9611.53        4
   421      889  0.000383961   0.00034832     -15379.5        6
   422     5353   0.00446294   0.00419115      -185054        5
   423      689  0.000615005  0.000557758     -24626.9        5
   424     1692   0.00118194   0.00106972     -47231.7        6
   425      348  0.000523039  0.000470064     -20754.9        4
   426      696  0.000915499    0.0009276     -40956.7        5
   427       99  0.000102411   9.2896e-05     -4101.68        5
   428     1173   0.00137083    0.0013494     -59580.4        5
   429      390   0.00079037   0.00791022      -349263        4
   430      285  0.000341647  0.000352893     -15581.4        7
   431     4837    0.0038082   0.00366923      -162009       11
   432      362  0.000232387  0.000343533     -15168.1        4
   433     5599   0.00419248   0.00439499      -194054        8
   434       46  4.16068e-05  3.95345e-05     -1745.58        4
   435       12  6.78552e-06  6.12064e-06     -270.247        2
   436        8  1.28281e-06  1.39843e-06     -61.7456        2
   437        7  5.29407e-07  6.30863e-07     -27.8547        2
   438       27  7.88533e-06  7.38021e-06     -325.861        3
   439       12  3.15466e-06  3.48261e-06     -153.769        2
   440       11  9.00823e-07  8.30738e-07     -36.6799        2
   441        8  4.60252e-07  4.68382e-07     -20.6807        2
   442     1571   0.00140203   0.00134178     -59244.3       10
   443      489  0.000484845  0.000444279     -19616.4        5
   444     1115  0.000861612  0.000784923       -34657        3
   445     2461   0.00154858   0.00140801     -62168.6        8
   446      763  0.000443381  0.000402339     -17764.6        3
   447      566  0.000448453  0.000402281     -17762.1        4
   448      147  7.15772e-05   6.8083e-05      -3006.1        3
   449     1104  0.000763366  0.000689709       -30453        4
   450     5427   0.00500034   0.00449057      -198274       12
   451     3048    0.0020932   0.00188883     -83398.3        2
   452     3218   0.00175675   0.00158718     -70079.4        3
   453      305  0.000199282  0.000179137     -7909.53        4
   454      442  0.000400357  0.000371703     -16411.9        5
   455      136  7.56303e-05  6.95121e-05      -3069.2        4
   456    13384   0.00946325   0.00920215      -406306       17
   457      849  0.000770516  0.000716258     -31625.2        6
   458      262  0.000158775   0.00014549     -6423.89        5
   459       54  1.20099e-05  1.39142e-05     -614.359        2
   460       39  1.46374e-05  1.48882e-05     -657.364        4
   461       13  2.54061e-06  2.53639e-06      -111.99        2
   462       11   2.2453e-06  2.13188e-06       -94.13        2
   463       19  4.82828e-06  4.83987e-06     -213.697        1
   464     4323   0.00265987   0.00245529      -108409       10
   465     3742   0.00271932   0.00255929      -113001       12
   466       60  3.08173e-05  4.74304e-05     -2094.21        3
   467       31    9.216e-06  9.14683e-06     -403.864        2
   468      319  0.000247275  0.000227015     -10023.5        4
   469        6  4.11759e-07  3.98683e-07     -17.6032        2
   470        8  9.10109e-07  8.47815e-07     -37.4339        2
   471       69  2.56625e-05  2.52245e-05     -1113.75        2
   472       81  9.30728e-05  8.45241e-05     -3732.03        5
   473      179  0.000100725  0.000120734     -5330.83        5
   474       82  3.56671e-05  3.30904e-05     -1461.05        2
   475       74  2.97071e-05  2.71679e-05     -1199.55        3
   476       27  7.01824e-06  6.93005e-06     -305.985        2
   477       24  6.27798e-06  5.76847e-06     -254.697        2
   478       52  1.87225e-05  1.83942e-05     -812.165        2
   479     4017   0.00577128   0.00539198      -238074       10
   480     3810    0.0031542   0.00292146      -128992        9
   481     2323   0.00194943   0.00183641       -81084        7
   482      614  0.000456998  0.000455434       -20109        5
   483      724   0.00051512  0.000467514     -20642.3        4
   484     2231    0.0018807   0.00175117     -77320.2        6
   485      212  0.000150083  0.000135664     -5990.03        3
   486       35  4.03125e-05  4.05644e-05     -1791.06        3
   487      304   0.00038264  0.000345202     -15241.8        4
   488      327   0.00106585  0.000989144     -43674.1        8
   489      665  0.000797208  0.000761409     -33618.8        7
   490       46  2.47555e-05  2.29862e-05     -1014.92        4
   491        8  4.27655e-07  4.30787e-07     -19.0207        2
   492     1138  0.000772321   0.00071986     -31784.3        8
   493      529  0.000418383  0.000377374     -16662.3        4
   494      631  0.000521091   0.00047351     -20907.1        4
   495     1264  0.000832283   0.00075361     -33274.5        6
   496      906   0.00101635  0.000914858     -40394.1        4
   497       81  0.000113881  0.000190658     -8418.19        2
   498     3311   0.00293353    0.0029462      -130085        8
   499      284  0.000186485  0.000176708     -7802.28        4
   500       11  9.50485e-06  8.57406e-06     -378.574        3
   501     1143   0.00108176  0.000989015     -43668.4        5
   502      107   4.8365e-05  5.30517e-05     -2342.41        3
   503       50  2.77166e-05  5.96452e-05     -2633.54        3
   504     3366   0.00291657   0.00267152      -117957        9
   505       80  6.75245e-05  6.44906e-05     -2847.48        2
   506     1574   0.00183647   0.00183119     -80853.3        8
   507      226  0.000152934  0.000141653     -6254.44        5
   508      859  0.000752796   0.00069474     -30675.1        7
   509      109  6.02741e-05  5.63966e-05      -2490.1        5
   510       12  2.55841e-06  2.99914e-06     -132.422        2
   511       18  7.72416e-06  7.90884e-06     -349.203        2
   512        9  7.48626e-07  7.22061e-07     -31.8815        2
   513     3826   0.00501071   0.00455489      -201114       10
   514      429  0.000667767  0.000600406       -26510        8
   515     3107   0.00428164   0.00394059      -173991       10
   516       89   0.00016798  0.000215072     -9496.15        4
   517      981   0.00112957   0.00104076     -45953.3        4
   518     2011   0.00296641   0.00277085      -122342        8
   519      180  0.000125861  0.000114411     -5051.64        4
   520      181  0.000169352  0.000152279     -6723.64        2
   521       16  8.57101e-06  8.10623e-06     -357.918        2
   522       19  8.39378e-06  9.63376e-06     -425.364        2
   523     9740    0.0106403   0.00987148      -435859       15
   524     1023   0.00140253   0.00133745     -59052.9        5
   525       30  2.69369e-05  2.49838e-05     -1103.12        2
   526     4586   0.00478459   0.00453831      -200382        9
   527        6  4.05441e-06  1.17192e-05     -517.443        2
   528        7   4.6384e-07    4.677e-07     -20.6506        2
   529     2613   0.00315157   0.00584676      -258154        7
   530     3338   0.00202267   0.00209037     -92296.8       11
   531      697   0.00050688  0.000479014     -21150.1        5
   532     1351  0.000896821   0.00105889     -46753.7        9
   533      964  0.000777414  0.000748865     -33064.9        5
   534     1622   0.00100209  0.000939468     -41480.7        7
   535      368  0.000261787  0.000336825       -14872        6
   536      417  0.000355018  0.000319055     -14087.4        4
   537      627  0.000367123  0.000347867     -15359.5        5
   538      441   0.00044837  0.000427615     -18880.7        4
   539      912   0.00110252   0.00113296     -50023.9        7
   540     2482   0.00280635   0.00364542      -160958        8
   541      331  0.000321668  0.000320485     -14150.5        4
   542      703  0.000718045    0.0006875     -30355.5        5
   543      643  0.000383783  0.000404736     -17870.5        7
   544       16  2.94517e-06  3.17643e-06      -140.25        1
   545      545  0.000689863  0.000626286     -27652.7        5
   546     3131   0.00281593    0.0027896      -123170       10
   547      578  0.000315145   0.00048878     -21581.3        6
   548      794  0.000592542  0.000600822     -26528.3        8
   549      495  0.000379557  0.000357994     -15806.7        3
   550     2917   0.00449081    0.0043973      -194156       11
   551     1770   0.00135385   0.00142501     -62919.1        7
   552      477  0.000365262  0.000337821     -14915.9        4
   553      745  0.000907712   0.00089995     -39735.9        3
   554      327  0.000203808  0.000210716     -9303.85        4
   555      264  0.000239068  0.000233592     -10313.9        4
   556      963  0.000739084  0.000674804     -29794.9        6
   557      851   0.00104008   0.00109007     -48130.4       11
   558     3586   0.00302531   0.00286943      -126695        9
   559      700  0.000436032  0.000398683     -17603.2        5
   560      774  0.000363497  0.000330462       -14591        5
   561     1214  0.000980436   0.00107607       -47512        8
   562      398   0.00030616  0.000522503     -23070.3        5
   563      666   0.00228669    0.0020745     -91596.1        5
   564     1164  0.000696881  0.000683477     -30177.8        8
   565      449   0.00064399  0.000647957     -28609.5        4
   566      578  0.000647457  0.000823172     -36345.9        6
   567      537  0.000432644  0.000422875     -18671.4        3
   568      828   0.00134661   0.00148498     -65567.1        8
   569     1794   0.00149746   0.00167933     -74148.3        9
   570      412    0.0004777  0.000490188     -21643.5        3
   571      942   0.00197228   0.00194235     -85761.2        9
   572      624   0.00029013  0.000274256     -12109.3        5
   573       70  7.03514e-05  6.60375e-05     -2915.78        4
   574      323  0.000438639  0.000401831     -17742.2        2
   575       19  6.34857e-06   6.2347e-06     -275.283        2
   576      878  0.000682637   0.00106407     -46982.4       10
   577      439   0.00035933  0.000336207     -14844.7        4
   578      338  0.000375718  0.000342781       -15135        5
   579      163  0.000103254  9.52777e-05     -4206.84        1
   580      109  7.11846e-05  6.69916e-05     -2957.91        2
   581      249  0.000415076  0.000492511     -21746.1        8
   582      314  0.000294212  0.000337713     -14911.2        4
   583      355  0.000428546  0.000673642     -29743.6        7
   584      312  0.000144173   0.00013482     -5952.77        4
   585      283  0.000282923  0.000265458     -11720.9        3
   586      321  0.000248849  0.000262036     -11569.8        5
   587       19  1.18967e-05  1.09604e-05     -483.939        3
   588       98    5.104e-05  4.81378e-05     -2125.45        4
   589     1493    0.0016941   0.00158929     -70172.7        7
   590      214  0.000270863  0.000258423     -11410.3        4
   591       15  3.89842e-06  4.22077e-06     -186.361        2
   592      123  0.000185778  0.000192045     -8479.46        3
   593       77  4.23221e-05  4.24262e-05     -1873.26        2
   594      510  0.000403535  0.000392996     -17352.1        4
   595       19  5.33038e-06  5.21738e-06     -230.365        3
   596        4  5.87274e-07  6.63642e-07      -29.302        1
   597       79   7.6051e-05   7.0286e-05     -3103.37        1
   598      210  0.000167749  0.000158866     -7014.46        4
   599      202  0.000203428  0.000189189     -8353.35        3
   600        5  4.69393e-07  4.91314e-07     -21.6932        1
   601       75   0.00013197  0.000123283     -5443.35        5
   602        9  3.97978e-06   3.8677e-06     -170.772        2
   603       40  1.22573e-05  1.21617e-05     -536.978        2
   604       46  2.30471e-05  2.14719e-05     -948.059        2
   605       15  8.11777e-06  8.73739e-06     -385.786        2
   606       12  6.64323e-06  9.41054e-06     -415.508        2
   607     2241    0.0014057   0.00136564     -60297.8        6
   608     1210   0.00122407   0.00129356     -57115.3        5
   609     1334   0.00095536  0.000868783     -38359.7        3
   610     1837    0.0015569   0.00149839     -66158.8        9
   611      372  0.000395114  0.000395447     -17460.3        4
   612     7328   0.00932672     0.010068      -444537       19
   613      173  0.000134113  0.000122079     -5390.21        2
   614     1671   0.00117761   0.00115606     -51043.9        5
   615     2887     0.002516   0.00247854      -109436       10
   616     1940   0.00155237   0.00142595     -62960.7        6
   617       49  1.80539e-05  1.77135e-05     -782.113        2
   618      773  0.000469022  0.000447073     -19739.8        4
   619      368  0.000471259  0.000424567     -18746.1        5
   620      365  0.000192277  0.000225315     -9948.41        3
   621      140  8.49402e-05  8.08049e-05     -3567.81        5
   622      299   0.00029991  0.000282633     -12479.2        4
   623      449  0.000402647  0.000401154     -17712.3        4
   624      849  0.000759787  0.000699581     -30888.9        6
   625      716   0.00057337  0.000539286     -23811.3        4
   626      635    0.0003338  0.000311686       -13762        4
   627     1169   0.00108466   0.00105845     -46734.1        5
   628     1523   0.00143122   0.00135021     -59616.2        8
   629      648  0.000979338  0.000977963     -43180.4        5
   630      520  0.000732148  0.000758976     -33511.4        4
   631      464  0.000436669  0.000408387     -18031.7        3
   632     1087   0.00104407  0.000986627     -43562.9        6
   633      573  0.000419781  0.000400222     -17671.2        4
   634      641  0.000534042  0.000500398     -22094.3        4
   635     6521   0.00554709   0.00512614      -226336       12
   636      273  0.000344123  0.000341536       -15080        5
   637      634  0.000552237  0.000633587       -27975        5
   638      493  0.000569009  0.000674086     -29763.2        5
   639       97  6.71879e-05  7.49472e-05     -3309.18        2
   640      129  0.000120744  0.000108815     -4804.54        3
   641     2316   0.00168868   0.00158559     -70009.1        9
   642      441  0.000426586  0.000536029     -23667.5        6
   643     1219  0.000844226  0.000837178     -36964.3        4
   644       41   3.2679e-05  3.02508e-05     -1335.67        2
   645       40  2.61491e-05  2.85259e-05     -1259.52        2
   646      903  0.000593532  0.000586665     -25903.3        5
   647       44  1.77845e-05  1.62481e-05      -717.41        1
   648       40  3.44133e-05  3.84116e-05     -1696.01        4
   649       52    3.612e-05  3.46406e-05      -1529.5        3
   650      571   0.00044363  0.000408134     -18020.5        3
   651      625  0.000668429   0.00061958     -27356.6        5
   652       53  5.20822e-05  4.89344e-05     -2160.62        3
   653       72  4.65013e-05  4.27204e-05     -1886.25        2
   654       21  5.72193e-06  6.23298e-06     -275.208        2
   655      253   0.00068669  0.000804327     -35513.8        6
   656     9554   0.00914295   0.00876526      -387016       12
   657     4601   0.00374165   0.00338125      -149294        5
   658     2470   0.00211736   0.00220427     -97325.8       10
   659     8547   0.00744956   0.00732743      -323531        9
   660     1499   0.00137473   0.00447967      -197793        4
   661     8777   0.00353233    0.0031921      -140942        6
   662     2043   0.00222168   0.00207317     -91537.6        8
   663     3397   0.00414203   0.00385297      -170122        9
   664     4147   0.00127338   0.00129884     -57348.2        8
   665     3967   0.00397203   0.00418961      -184985       11
   666     4820   0.00379726   0.00341794      -150914        9
   667     3129   0.00254288   0.00230716      -101869        6
   668      302   0.00196347   0.00187106     -82613.9        8
   669     1090  0.000883323  0.000821921     -36290.6        5
   670     1822  0.000978528  0.000878596       -38793        7
   671     4688   0.00408367   0.00403567      -178189       13
   672    10927    0.0057355   0.00533981      -235771       10
   673     1890   0.00159214   0.00152423     -67299.9       10
   674     2422   0.00230397   0.00228582      -100927        9
   675     3179    0.0023789   0.00216594     -95633.7        6
   676     3181    0.0043156     0.004076      -179969       11
   677     7978   0.00330254   0.00303124      -133840        9
   678     1140   0.00038668   0.00035054     -15477.6        6
   679        8  2.10336e-06  3.53404e-06      -156.04        3
   680       57  4.04225e-05  3.65284e-05     -1612.85        4
   681       63  1.25359e-05  1.12709e-05      -497.65        3
   682     2186   0.00130605   0.00117278     -51782.2        4
   683       47  1.09147e-05  1.00882e-05     -445.428        3
   684       54  4.08347e-05  4.07832e-05     -1800.72        5
   685        3   4.3991e-06  3.93489e-06     -173.739        2
   686      156  0.000189544  0.000171301     -7563.51        2
   687        9  4.65716e-06  4.26364e-06     -188.254        2
   688      145   0.00017687  0.000194346     -8581.04        4
   689      168  8.87514e-05  8.08362e-05     -3569.19        4
   690      167  0.000105886  9.48707e-05     -4188.86        6
   691      390  0.000247096  0.000228318       -10081        4
   692      727  0.000593116  0.000585974     -25872.8        3
   693       27  8.28503e-06  7.98241e-06     -352.451        3
   694       35  1.64904e-05  2.16838e-05     -957.416        3
   695      295  0.000185836  0.000193644     -8550.05        3
   696       10  1.11434e-06  1.17923e-06     -52.0672        3
   697       29  1.29112e-05  1.35972e-05     -600.361        3
   698      280   0.00024743  0.000227365     -10038.9        5
   699       16  8.34418e-06  7.87984e-06     -347.922        2
   700       71  4.78506e-05  4.29429e-05     -1896.08        4
   701     3766   0.00204477   0.00189561     -83697.5        8
   702     2024   0.00214038   0.00194239     -85763.4        6
   703     1784   0.00105292   0.00100663     -44446.3        6
   704      970    0.0010591   0.00095994     -42384.6        5
   705     5312    0.0041558   0.00399317      -176312        8
   706     2273   0.00134354   0.00133415     -58907.2        8
   707     2031   0.00187591   0.00172571     -76196.2        6
   708      708  0.000729597  0.000719247     -31757.2        5
   709     1801   0.00164098   0.00148337     -65495.9        8
   710      335  0.000190261  0.000174066      -7685.6        3
   711     1506   0.00124482   0.00120196     -53070.6        7
   712      299  0.000451592  0.000407178     -17978.3        3
   713     6083   0.00427491   0.00405412      -179003       12
   714      227   0.00012231  0.000110285     -4869.46        2
   715     3633   0.00220418   0.00203539     -89869.3        5
   716      311  0.000558533  0.000773604     -34157.3        8
   717      169  0.000127222  0.000127063     -5610.25        4
   718      181  0.000213637  0.000198769     -8776.33        5
   719        9  3.56422e-06  3.23633e-06     -142.895        2
   720     4384   0.00249113   0.00250077      -110418       12
   721      136  4.94504e-05  4.47288e-05     -1974.93        2
   722     3441    0.0029169   0.00272382      -120266        9
   723     5008   0.00391821   0.00354853      -156680        8
   724     3607   0.00132384   0.00120541     -53223.1        4
   725      222  9.02875e-05  8.67062e-05     -3828.38        3
   726      308  0.000160155  0.000145467     -6422.85        3
   727      576  0.000562829  0.000504272     -22265.3        4
   728     3804   0.00309755    0.0030296      -133767       11
   729      859  0.000689992  0.000619915     -27371.3        6
   730      463  0.000378544  0.000351913     -15538.1        5
   731      330  0.000171875  0.000166698     -7360.28        5
   732      313  0.000207588  0.000199005     -8786.74        7
   733     3994   0.00272454   0.00254484      -112363        6
   734     4881   0.00315521   0.00311454      -137518        7
   735    10186   0.00599101    0.0060928      -269018       11
   736      149  8.82444e-05  8.68636e-05     -3835.32        4
   737      182  0.000103377  0.000101169     -4466.94        3
   738      263  0.000110247  0.000133228     -5882.48        5
   739       31  1.85241e-05  2.70878e-05     -1196.02        2
   740       19  5.32789e-06  5.71305e-06     -252.251        3
   741       33  1.68992e-05  1.52165e-05      -671.86        3
   742      262  0.000137962   0.00012528     -5531.52        5
   743       58  2.00205e-05  5.12187e-05     -2261.48        3
   744     8921   0.00712724   0.00684815      -302369       12
   745     3687   0.00348582   0.00322378      -142341        8
   746     1000  0.000953237  0.000872838     -38538.8        5
   747      731  0.000609369  0.000548537     -24219.8        5
   748       25  1.09028e-05  1.06586e-05     -470.614        2
   749       16  1.09296e-05  1.00431e-05     -443.439        2
   750      193  0.000244699   0.00022376     -9879.79        4
   751       69  5.76231e-05  5.24266e-05     -2314.81        3
   752     6607   0.00416179   0.00398822      -176094        8
   753     3680   0.00312437   0.00298431      -131767        8
   754     7951   0.00574522   0.00574088      -253480        9
   755     2123   0.00135013   0.00127021     -56084.3       10
   756      542    0.0003401  0.000309583     -13669.2        3
   757       36  2.27029e-05  2.20721e-05      -974.56        2
   758      354  0.000159725  0.000146564     -6471.32        3
   759     3493   0.00213841   0.00200614     -88577.9        6
   760     2533   0.00186206   0.00169708     -74931.9        8
   761       51  2.38784e-05  4.78358e-05     -2112.11        3
   762        6  5.13331e-07  5.64836e-07     -24.9394        2
   763     1874   0.00122811   0.00116439     -51411.6        7
   764     3705   0.00257482    0.0024634      -108767        9
   765     4278   0.00307453   0.00280603      -123896        8
   766     2630   0.00183103   0.00170663     -75353.5        6
   767     1839   0.00169263   0.00153217     -67650.6        6
   768     2848   0.00187043   0.00170814     -75420.4        5
   769     1990   0.00134735   0.00122895     -54262.3        7
   770      565  0.000331596  0.000364371     -16088.2        3
   771      212   0.00013012  0.000173591     -7664.65        5
   772      785   0.00057276  0.000551831     -24365.2        6
   773      155  8.49722e-05  8.33309e-05     -3679.35        4
   774       32      1.7e-05  2.23131e-05       -985.2        3
   775     4791   0.00304824   0.00295261      -130368        4
   776       23  1.08307e-05  1.05635e-05     -466.413        3
   777      326  0.000163445  0.000160818     -7100.65        3
   778       10  1.78616e-06  2.06238e-06     -91.0611        2
   779     2100   0.00165541   0.00151987     -67107.4        8
   780     1375  0.000935011  0.000866691     -38267.4        6
   781     3051   0.00276217   0.00273928      -120949       10
   782     2695   0.00237182   0.00223616       -98734        7
   783     2172   0.00143923   0.00145096     -64064.9        7
   784      263  0.000184839  0.000174385     -7699.71        3
   785      939  0.000576494  0.000578134     -25526.6        4
   786     2793   0.00262766   0.00249987      -110378        8
   787      608  0.000411736  0.000434932     -19203.7        5
   788     1525   0.00112693   0.00112388     -49623.2        4
   789     3101   0.00203626   0.00204963     -90498.3        8
   790      357  0.000279401  0.000281324     -12421.4        4
   791     1716   0.00155146   0.00146622     -64738.6        9
   792     1641   0.00130963    0.0012729       -56203        7
   793      441   0.00033776  0.000305651     -13495.5        4
   794      358  0.000265895   0.00032486     -14343.7        5
   795      337  0.000229324  0.000215685     -9523.22        3
   796        8  1.94689e-06  1.88529e-06      -83.242        2
   797       64  3.87861e-05  3.60736e-05     -1592.77        1
   798     1935   0.00188121    0.0019991     -88267.1        9
   799     1026  0.000897486  0.000883597     -39013.8        5
   800      316  0.000281428   0.00026534     -11715.7        4
   801     1906   0.00256635   0.00257579      -113730       10
   802     3185   0.00251945    0.0026041      -114980       10
   803      996  0.000904811  0.000838642     -37028.9        6
   804     2888   0.00272776    0.0027085      -119589        7
   805      301  0.000162338   0.00015399     -6799.19        5
   806     1487   0.00111839   0.00109511     -48352.8        8
   807     2894   0.00159035   0.00153958     -67977.8        5
   808      669  0.000703732  0.000678377     -29952.7        8
   809      298  0.000225256  0.000383179     -16918.7        6
   810     1161  0.000873133  0.000838258       -37012        9
   811      417  0.000208558  0.000199871     -8825.01        5
   812      379  0.000184091  0.000180347     -7962.94        3
   813      528   0.00033086  0.000316544     -13976.5        6
   814      200  0.000138477  0.000134415     -5934.89        3
   815      224  0.000207697  0.000190945      -8430.9        4
   816      172  0.000173532  0.000173498     -7660.52        2
   817      627  0.000424683  0.000411925     -18187.9        7
   818       56  2.08205e-05  1.91933e-05      -847.45        1
   819      132  8.62089e-05  0.000320396     -14146.6        3
   820       45  1.51681e-05  1.56907e-05       -692.8        3
   821       10  2.80366e-06  2.76821e-06     -122.226        2
   822      325  0.000241727  0.000223904     -9886.13        3
   823      437  0.000349498   0.00220513       -97364        7
   824      549  0.000346573   0.00032682     -14430.2        7
   825      614  0.000477682  0.000511415     -22580.7        7
   826      323  0.000688631  0.000682619     -30139.9        9
   827      164  0.000109111  0.000108114      -4773.6        2
   828      181  0.000148471  0.000148022     -6535.66        5
   829     1130    0.0008981  0.000940811       -41540        6
   830      416  0.000404062  0.000371577     -16406.4        7
   831      909  0.000765908  0.000997553     -44045.4        8
   832     1856   0.00157041   0.00144653     -63869.1       12
   833      298   0.00024801  0.000252188       -11135        4
   834      327   0.00026889  0.000260099     -11484.3        5
   835      396  0.000314207  0.000286699     -12658.8        5
   836       44  1.81408e-05  1.82689e-05     -806.633        2
   837      238    0.0001646  0.000162474     -7173.78        3
   838      846  0.000554682  0.000509419     -22492.6        5
   839      181  0.000120609  0.000111623     -4928.55        4
   840       81  3.12128e-05  3.23074e-05     -1426.48        3
   841       10  7.23012e-06  6.65687e-06     -293.923        3
   842       26  6.21842e-06  5.62136e-06     -248.202        1
   843     3913   0.00531845   0.00596993      -263593        8
   844      164  0.000180597  0.000168795      -7452.9        2
   845     1990   0.00235363   0.00216136     -95431.4        7
   846     1372   0.00132731   0.00126799     -55986.2        4
   847       35  2.58165e-05  2.53442e-05     -1119.03        2
   848       33  2.24124e-05  2.21592e-05     -978.405        2
   849     1839   0.00230704   0.00226387     -99957.6        5
   850      213  0.000141783  0.000129101     -5700.27        3
   851      205  0.000396428  0.000369377     -16309.3        2
   852      239  0.000219527  0.000202396     -8936.46        3
   853      796    0.0029574   0.00288236      -127266        8
   854      624  0.000589383  0.000614174     -27117.9        5
   855     4315   0.00493827   0.00494387      -218289        7
   856      600   0.00041153  0.000635813     -28073.3        6
   857      523  0.000279147  0.000275515     -12164.9        4
   858     1429   0.00125992   0.00124757     -55084.6        7
   859     1449   0.00156814   0.00168362     -74337.7        8
   860      127  7.98329e-05  8.00846e-05     -3536.01        2
   861      134  0.000109758  0.000165532     -7308.78        4
   862      456  0.000402724  0.000386453     -17063.2        6
   863     1187   0.00112739   0.00106843     -47174.8        4
   864     2453   0.00269663   0.00278493      -122964        4
   865     3033   0.00294093   0.00356978      -157618        4
   866       19  7.26615e-06  6.78144e-06     -299.424        2
   867      739  0.000901762  0.000995786     -43967.4        8
   868      231  0.000220876  0.000208094     -9188.06        2
   869     1658    0.0015422   0.00159775     -70546.1        6
   870     2257   0.00176172   0.00165144     -72916.9        8
   871      592  0.000921354  0.000862678     -38090.2        6
   872       69  0.000210376  0.000225202     -9943.44        2
   873     1082    0.0015187   0.00155343     -68589.1        7
   874      693  0.000582406  0.000541704     -23918.1        9
   875      500   0.00124933   0.00132454     -58483.2        9
   876     3412   0.00293881   0.00281712      -124386        9
   877      575  0.000712137  0.000711378     -31409.8        6
   878      849   0.00106297   0.00123424     -54495.9        7
   879       41  1.92162e-05  2.05832e-05     -908.819        2
   880     1390  0.000884135  0.000840657     -37117.9        7
   881      467  0.000334299  0.000346471     -15297.9        7
   882      593  0.000458626  0.000518349     -22886.9        6
   883      207  0.000162459  0.000152187     -6719.58        3
   884      449   0.00043688  0.000824391     -36399.7        8
   885      782   0.00184119   0.00170841       -75432        8
   886       77  5.56547e-05  5.76063e-05     -2543.51        3
   887       34  2.63327e-05  3.96337e-05     -1749.96        3
   888      503   0.00041497  0.000399166     -17624.6        2
   889      310  0.000478493  0.000470789     -20786.9        3
   890     1237    0.0016531   0.00151565     -66921.2       10
   891      228  0.000175741  0.000162756     -7186.24        2
   892       82  6.09057e-05  5.80753e-05     -2564.22        2
   893      224  0.000482313  0.000617168     -27250.1        3
   894      137  0.000202331  0.000197113     -8703.23        3
   895      406   0.00045437  0.000412493       -18213        4
   896       59  3.81245e-05  3.71324e-05     -1639.52        3
   897       30  1.05897e-05  1.03792e-05     -458.275        2
   898       22  1.53567e-05   1.4438e-05     -637.489        3
   899      474  0.000365233  0.000556403     -24567.1        6
   900      403  0.000774667  0.000730693     -32262.6        5
   901      431  0.000469376  0.000444249     -19615.1        3
   902      225  0.000127333  0.000126928      -5604.3        3
   903       11  2.85441e-06  2.93254e-06     -129.482        2
