Model info
==========
Mesh file: Vase_texture_140k.ply (VN 75081, FN 149743)
Texture files:
  vasotex0.jpg

Parameterization info
=====================
Number of charts: 260
    ID    faces      perc_3D      perc_UV   resolution    n_adj
     0    14399    0.0948121    0.0706208       130748       22
     1      682    0.0044058   0.00393835       7291.5        6
     2    15117     0.102092    0.0778988       144222       34
     3      173   0.00113223   0.00100653       1863.5        1
     4    16850     0.111286    0.0893781       165476       31
     5    14446    0.0957577    0.0737949       136624        7
     6    14685    0.0972006     0.297354       550524       24
     7      153   0.00105496  0.000638433         1182        7
     8      923   0.00638721   0.00416899       7718.5        7
     9      914   0.00609319   0.00473261         8762       15
    10    14959    0.0999142    0.0784954       145327       12
    11    14442    0.0953192    0.0721197       133523       10
    12      197   0.00127723   0.00087744       1624.5       12
    13     1067   0.00720544   0.00535943       9922.5       25
    14    15101     0.100767    0.0781027       144600       15
    15      384     0.002583   0.00189558       3509.5        6
    16    14655    0.0965867    0.0741144       137216       31
    17      137  0.000944513  0.000601704         1114       13
    18      353   0.00277502   0.00156691         2901        8
    19      356   0.00277812   0.00160904         2979        6
    20      759   0.00514016   0.00365667         6770       10
    21      168   0.00111137  0.000839091       1553.5        1
    22      123   0.00303499            0            0        8
    23      591   0.00379179   0.00328209       6076.5        2
    24       10  0.000134998            0            0        1
    25       67  0.000793436            0            0        6
    26      199   0.00137095  0.000722153         1337        7
    27        6  6.52366e-05            0            0        1
    28       61  0.000386296  0.000265203          491        3
    29        6  4.72572e-05  2.43058e-05           45        1
    30      146  0.000975256  0.000618448         1145        8
    31      574   0.00382224   0.00335042         6203        9
    32       56  0.000450772  0.000284378        526.5        3
    33       80  0.000628582            0            0        3
    34       76  0.000529276  0.000408068        755.5        5
    35      219   0.00212708  0.000661118         1224       10
    36      197   0.00143539   0.00508262         9410        1
    37      193   0.00128572  0.000889593         1647        7
    38      463   0.00295156   0.00114642       2122.5       11
    39      140  0.000933087  0.000721883       1336.5        4
    40      378   0.00246762    0.0021489       3978.5        3
    41       31  0.000196325  0.000109916        203.5        8
    42      793   0.00556234    0.0161156      29836.5       18
    43      102  0.000752842  0.000569566       1054.5        3
    44       18   0.00011692  5.21225e-05         96.5        5
    45        5   2.8713e-05            0            0        2
    46        9  5.89735e-05  2.37657e-05           44        3
    47       17  0.000108536  0.000152316          282        3
    48      156   0.00105805  0.000663819         1229        5
    49        5  3.97763e-05  2.80867e-05           52        1
    50       18  0.000220335            0            0        4
    51       59  0.000396718  0.000314085        581.5        5
    52       50  0.000420356  0.000216592          401        6
    53        2  1.00647e-05            0            0        2
    54       54  0.000395152  0.000757261         1402        3
    55       67   0.00047476  0.000198768          368        5
    56       15  9.73656e-05  0.000146105        270.5        2
    57        6  3.43848e-05  7.48079e-05        138.5        1
    58        2  1.48167e-05            0            0        3
    59       47  0.000329411  0.000230095          426        4
    60       32  0.000203151  9.66831e-05          179        4
    61       24   0.00016537  8.64207e-05          160        6
    62      183   0.00116023   0.00393403       7283.5        5
    63      603   0.00381835   0.00344845       6384.5        5
    64       36  0.000243811  9.37124e-05        173.5        3
    65      742   0.00527781   0.00276573       5120.5       12
    66        8  4.78794e-05  1.94446e-05           36        3
    67        9  7.45835e-05            0            0        2
    68      108  0.000682447  0.000441826          818        2
    69        6    4.576e-05  2.21453e-05           41        1
    70       10   0.00010001  0.000120719        223.5        1
    71        4  2.44008e-05  3.45683e-05           64        3
    72       17  0.000156027  3.40281e-05           63        2
    73        3  1.68197e-05            0            0        2
    74        2  2.24868e-05            0            0        2
    75      603     0.003844   0.00349815       6476.5        7
    76        2  1.72234e-05            0            0        2
    77        2  9.17761e-06  1.08026e-06            2        2
    78       11  6.13093e-05  4.07798e-05         75.5        4
    79        7  5.99889e-05  2.83568e-05         52.5        1
    80        8  8.62327e-05            0            0        3
    81       28  0.000180022  7.99391e-05          148        2
    82        5  2.78397e-05  6.75161e-06         12.5        3
    83       16  9.82863e-05  0.000231985        429.5        3
    84       28  0.000189713  0.000133142        246.5        4
    85        2  1.79677e-05            0            0        2
    86        2  2.00056e-05            0            0        2
    87        6  6.03097e-05            0            0        2
    88       14  8.96166e-05  4.21301e-05           78        3
    89        7  5.81135e-05            0            0        2
    90        4  2.30411e-05            0            0        2
    91      141  0.000914414  0.000319486        591.5        6
    92       11  0.000130772            0            0        2
    93       30  0.000201508  0.000119098        220.5        3
    94       10  7.78274e-05  2.43058e-05           45        3
    95        2  1.72781e-05            0            0        3
    96        8  6.19754e-05  2.26854e-05           42        1
    97       13  9.02621e-05  3.59186e-05         66.5        3
    98       48  0.000326427  0.000197957        366.5        3
    99        3  1.42021e-05  5.94142e-06           11        3
   100        2  1.57686e-05            0            0        2
   101       10   7.6534e-05  2.72765e-05         50.5        1
   102       10  6.53905e-05   3.7809e-05           70        4
   103       25  0.000197227  5.88741e-05          109        4
   104       10  5.73335e-05   5.0232e-05           93        2
   105       45  0.000304742   0.00016771        310.5        3
   106        3     2.35e-05  2.67364e-05         49.5        3
   107        4  2.57405e-05  1.02625e-05           19        2
   108        5  3.71743e-05  1.40434e-05           26        1
   109        7  3.10764e-05  1.64739e-05         30.5        2
   110        4  2.62322e-05  9.45226e-06         17.5        1
   111        8  6.53978e-05  2.37657e-05           44        1
   112        5  3.31933e-05  2.56561e-05         47.5        1
   113        4   3.2914e-05  1.29631e-05           24        1
   114        5  3.05362e-05   2.1065e-05           39        1
   115        7  4.62976e-05  1.99848e-05           37        1
   116        5  2.74625e-05  1.43134e-05         26.5        1
   117        5  5.04058e-05  1.70141e-05         31.5        1
   118        2  2.79417e-05            0            0        2
   119       15  0.000107933  8.66907e-05        160.5        3
   120        1  3.83064e-06  1.08026e-06            2        2
   121        4  2.80769e-05            0            0        3
   122       16  0.000114812  2.56561e-05         47.5        2
   123        2  1.10964e-05            0            0        2
   124       21  0.000154443  3.99696e-05           74        7
   125        4  4.87475e-05            0            0        2
   126        4  3.46149e-05  1.37733e-05         25.5        1
   127        2  1.08161e-05            0            0        2
   128        3  2.15355e-05            0            0        2
   129        8   6.8795e-05   1.2423e-05           23        3
   130        2  1.24652e-05            0            0        2
   131       78  0.000516111  0.000152857          283       11
   132        2   1.3902e-05            0            0        2
   133        3  2.29608e-05            0            0        3
   134       15  0.000104013  1.86345e-05         34.5        2
   135        5  3.54875e-05  1.70141e-05         31.5        1
   136        1  6.95628e-06            0            0        3
   137        6    4.319e-05  6.45454e-05        119.5        2
   138        6  5.02839e-05  2.26854e-05           42        1
   139        6  6.08429e-05  2.24154e-05         41.5        1
   140        4  2.52019e-05            0            0        3
   141        1  8.88863e-06  8.10194e-07          1.5        2
   142        5  3.63062e-05  1.59338e-05         29.5        1
   143        5  3.70295e-05  8.10194e-06           15        1
   144        7  6.37716e-05            0            0        2
   145        2  2.06153e-05            0            0        2
   146        3  1.77399e-05            0            0        2
   147        6  5.19415e-05            0            0        2
   148        3  2.70533e-05            0            0        2
   149       25  0.000179515  7.48079e-05        138.5        7
   150       16  0.000120239  4.48307e-05           83        7
   151        3  2.03301e-05  1.62039e-06            3        3
   152        1  9.05498e-06  1.18828e-05           22        2
   153        3  1.76587e-05            0            0        2
   154        1  6.44411e-06  4.05097e-06          7.5        3
   155        5  3.59673e-05  9.72232e-06           18        1
   156        4  2.96645e-05  6.48155e-06           12        1
   157        6   4.6688e-05  1.83644e-05           34        2
   158        6  4.53027e-05  1.08026e-05           20        3
   159        5  3.45706e-05  8.91213e-06         16.5        3
   160        2  1.31076e-05            0            0        2
   161        2  1.79025e-05            0            0        3
   162        1  1.53935e-05  4.86116e-06            9        3
   163        6  3.56745e-05  1.91746e-05         35.5        1
   164        3  1.37144e-05  2.48459e-05           46        2
   165        5   3.4115e-05  1.62039e-05           30        1
   166        3  3.04972e-05            0            0        2
   167        8  5.60477e-05  2.16052e-05           40        1
   168        2  1.54989e-05            0            0        2
   169        4  3.93128e-05  9.72232e-06           18        2
   170       13  0.000107174    4.186e-05         77.5        1
   171        4  3.12874e-05  1.21529e-05         22.5        2
   172        3  1.40469e-05  5.40129e-06           10        2
   173        1  9.79016e-06            0            0        2
   174        2  1.60742e-05            0            0        4
   175        7  4.73371e-05  2.29555e-05         42.5        3
   176       62  0.000434872  7.64283e-05        141.5       17
   177       11  7.06264e-05  3.83492e-05           71        1
   178        6   3.6019e-05  1.08026e-05           20        2
   179       13  9.92654e-05            0            0        4
   180        2  8.35362e-06            0            0        2
   181        2  1.48254e-05            0            0        2
   182        5  3.23741e-05  9.72232e-06           18        1
   183        9  8.44795e-05  1.16128e-05         21.5        4
   184        4    3.832e-05  7.29174e-06         13.5        2
   185        2  1.30434e-05            0            0        2
   186        3  2.96517e-05  9.99239e-06         18.5        2
   187        3  2.06315e-05            0            0        2
   188        7  4.96747e-05  3.29479e-05           61        3
   189        4  3.39235e-05            0            0        2
   190        1  5.80434e-06            0            0        3
   191        5  3.58688e-05  1.75542e-05         32.5        1
   192        4  2.70466e-05  1.43134e-05         26.5        3
   193        4  3.88865e-05  8.91213e-06         16.5        4
   194        6  4.41503e-05            0            0        4
   195        2   1.9711e-05            0            0        3
   196        1  4.37519e-06  1.62039e-06            3        3
   197        3  1.55976e-05  4.86116e-06            9        3
   198        4   3.7927e-05            0            0        1
   199        6  4.74626e-05  5.67136e-05          105        2
   200        1  4.13659e-06            0            0        2
   201        2  1.48207e-05            0            0        2
   202        3  1.98314e-05            0            0        2
   203        2  1.33927e-05            0            0        3
   204        3   1.9503e-05  6.48155e-06           12        2
   205        2  2.82726e-05            0            0        2
   206        2  1.01897e-05  1.18828e-05           22        2
   207        2  1.99254e-05            0            0        2
   208        5  2.97972e-05    8.372e-06         15.5        2
   209        2  1.49021e-05            0            0        2
   210        6  4.34731e-05            0            0        1
   211        2   1.6153e-05            0            0        2
   212        9  5.53048e-05  1.51236e-05           28        1
   213        5  3.97025e-05  1.29631e-05           24        1
   214        2  3.00053e-05            0            0        2
   215        4    3.367e-05            0            0        3
   216        1  4.23546e-06  1.62039e-06            3        2
   217        6  4.22243e-05  1.80943e-05         33.5        1
   218        2   1.2746e-05            0            0        2
   219        4  4.17542e-05  2.59262e-05           48        3
   220        3  3.02195e-05            0            0        2
   221        6  3.22139e-05  1.97147e-05         36.5        1
   222        9  5.36729e-05  4.75314e-05           88        2
   223        2  1.77718e-05            0            0        3
   224        3  3.96305e-05  1.80943e-05         33.5        2
   225        6  4.52781e-05  1.43134e-05         26.5        2
   226        7  4.89649e-05  1.89045e-05           35        3
   227        1  4.86069e-06            0            0        2
   228        3   2.4142e-05  5.94142e-06           11        2
   229        2  1.10531e-05            0            0        2
   230        6  4.04586e-05  1.29631e-05           24        1
   231        7  4.71831e-05  9.72232e-06           18        3
   232        4  2.19799e-05            0            0        2
   233        5  3.13566e-05  1.51236e-05           28        1
   234        4  2.70544e-05   1.2423e-05           23        1
   235       23  0.000171833            0            0        8
   236        1    7.487e-06  1.35032e-06          2.5        3
   237       12   8.8966e-05            0            0        4
   238       15  0.000108724  3.10574e-05         57.5        6
   239        4  2.60479e-05  9.72232e-06           18        3
   240        2  1.49568e-05            0            0        2
   241        8  5.89944e-05    8.372e-06         15.5        2
   242       10  7.46511e-05            0            0        4
   243        1  7.37736e-06  2.70065e-07          0.5        2
   244        4  2.84212e-05            0            0        3
   245        5  3.68695e-05            0            0        5
   246        1  7.36856e-06            0            0        3
   247        5  3.68599e-05  5.13123e-06          9.5        5
   248        5  3.73805e-05  7.29174e-06         13.5        2
   249        5  3.46425e-05            0            0        2
   250        9   6.4409e-05  1.32332e-05         24.5        6
   251        2  1.47249e-05            0            0        3
   252        3  2.22598e-05            0            0        3
   253        2  9.54216e-06            0            0        3
   254        2  2.00287e-05            0            0        2
   255        2  1.74643e-05            0            0        3
   256        2  6.38951e-06            0            0        3
   257        1  7.95971e-06            0            0        3
   258        4  8.23482e-06  2.70065e-06            5        0
   259        7  1.15013e-05  4.32103e-06            8        1
