Model info
==========
Mesh file: textured.ply (VN 867649, FN 1732678)
Texture files:
  textured.jpg

Parameterization info
=====================
Number of charts: 610
    ID    faces      perc_3D      perc_UV   resolution    n_adj
     0   406655     0.224479     0.248217  1.76705e+06       28
     1   115226    0.0687685    0.0850913       605762        7
     2   190490     0.102375     0.113195       805830       14
     3   119799    0.0634953    0.0702092       499817        5
     4   101131    0.0602562    0.0666277       474320       17
     5    92329    0.0547007    0.0604851       430591        7
     6    94033    0.0496136    0.0548597       390544        5
     7    27420    0.0162355    0.0188337       134077        4
     8    35668    0.0255523     0.028254       201140        8
     9    44299    0.0240664    0.0266111       189443        6
    10    30698    0.0219118    0.0242288       172484        7
    11    34489    0.0184079    0.0203543       144901        9
    12    34485    0.0181714    0.0200929       143041        7
    13    27550    0.0157508    0.0174163       123986        4
    14    29339    0.0151952     0.016802       119613        4
    15    18960   0.00997001    0.0110242      78480.5        6
    16    19215   0.00982456    0.0108634      77336.2        8
    17    14696   0.00761166   0.00841651      59916.8        3
    18    14223   0.00745671   0.00824515      58696.9       10
    19    12665   0.00735234   0.00812975      57875.4        5
    20    13047   0.00688901   0.00761745      54228.3        7
    21    10217   0.00561667   0.00621056      44212.7        3
    22     9378   0.00522924   0.00578215      41162.9        6
    23    10155   0.00513606   0.00567915      40429.6        6
    24     3978   0.00319563   0.00353353      25155.1        3
    25     6091   0.00303358   0.00335434      23879.4        7
    26     6215   0.00300279    0.0033203      23637.1        6
    27     5923   0.00293771   0.00324834      23124.8        6
    28     5209   0.00268042   0.00296385      21099.5        7
    29     4735   0.00251637   0.00278244      19808.1        4
    30     4339   0.00206002   0.00227784      16215.8        8
    31     3486   0.00195082    0.0021571      15356.3        9
    32     3057   0.00148203   0.00163874      11666.1       16
    33     2886   0.00146647   0.00162154      11543.7        5
    34     2441      0.00127   0.00140429      9997.05        7
    35     2571   0.00122301   0.00135138       9620.4        7
    36     1909   0.00122893   0.00135887      9673.78        5
    37     2184   0.00116999    0.0012937      9209.81        8
    38     2538   0.00115524   0.00127739      9093.71        5
    39     2200   0.00113694   0.00125717      8949.71        5
    40     1741   0.00098653   0.00108113      7696.55       13
    41        4  1.13906e-06  1.77131e-06      12.6099        2
    42     1860   0.00101477   0.00112207      7987.95        6
    43     2073   0.00091013   0.00100637      7164.31        5
    44     1369  0.000753188  0.000832836      5928.93        6
    45     1361  0.000715732  0.000791245      5632.85       10
    46     1613  0.000722218  0.000798576      5685.03        8
    47     1338  0.000709125  0.000784106      5582.02        6
    48     1390  0.000704933  0.000779468         5549        7
    49     1285  0.000656183  0.000725569       5165.3        6
    50     1247  0.000609799  0.000674272      4800.12        4
    51      872  0.000530377   0.00058461      4161.81        5
    52        1  2.71197e-07  3.16594e-07      2.25382        1
    53     1167  0.000580125  0.000641469       4566.6        4
    54     1113  0.000535884  0.000592549      4218.33        3
    55      669  0.000507983  0.000561698      3998.71        5
    56     1002  0.000503358  0.000556588      3962.33        5
    57      886  0.000455006  0.000503113      3581.64        3
    58      731   0.00042601  0.000469249      3340.56        7
    59      923  0.000418244  0.000462462      3292.25        8
    60      787  0.000363715  0.000402173      2863.06        9
    61      897  0.000340416  0.000376418      2679.71        7
    62      490  0.000312757  0.000345825      2461.92        8
    63      531   0.00029139  0.000322194      2293.68        9
    64      455  0.000248267  0.000274518      1954.28        4
    65      395  0.000237905  0.000263059      1872.71        4
    66      393  0.000231282  0.000255746      1820.65        5
    67      351  0.000211147  0.000233475       1662.1        7
    68      489  0.000209066  0.000231172      1645.71       11
    69      407  0.000208997  0.000231092      1645.13        3
    70      374  0.000194216   0.00021475       1528.8        5
    71      360  0.000185203  0.000204789      1457.88        7
    72      333   0.00016346  0.000180741      1286.69        7
    73      288  0.000155971  0.000172451      1227.67        4
    74      249  0.000154081  0.000170374      1212.88        6
    75      317   0.00015228   0.00016838      1198.69        4
    76      335  0.000145141  0.000160486       1142.5        8
    77      281  0.000142483  0.000157558      1121.65        7
    78      277  0.000140635  0.000155505      1107.03        5
    79      259  0.000129705  0.000143421      1021.01        5
    80      239  0.000118083  0.000130573      929.544        7
    81      240  0.000108446  0.000119911      853.639       12
    82      220  0.000103936   0.00011492       818.11        7
    83      143   7.6605e-05  8.47601e-05      603.404        4
    84      315  9.62938e-05  0.000106482      758.041        6
    85      183  9.32325e-05  0.000103094      733.922        5
    86      160  8.75417e-05  9.67996e-05      689.112        4
    87      181  8.20995e-05  9.07834e-05      646.284        8
    88      168  7.84107e-05  8.66959e-05      617.185        2
    89      170  7.72023e-05  8.53636e-05        607.7        8
    90      144  7.19751e-05  7.95974e-05      566.651        7
    91      146   7.0719e-05  7.81935e-05      556.656       11
    92      150  7.03543e-05  7.77958e-05      553.825        3
    93      105  6.14177e-05  6.79114e-05      483.458        4
    94      114  6.08878e-05  6.73199e-05      479.248        4
    95      135  4.09414e-05  4.54368e-05      323.463        6
    96      151   5.9279e-05  6.55467e-05      466.624        9
    97      130  5.81233e-05  6.42663e-05       457.51        6
    98      137  5.77731e-05  6.38819e-05      454.773       10
    99      116  5.36671e-05  5.93412e-05      422.447       11
   100      132   5.2661e-05  5.82292e-05      414.532        6
   101      168  5.00207e-05  5.53129e-05       393.77        5
   102       87  4.86795e-05  5.38234e-05      383.167        7
   103      102   4.8163e-05  5.32506e-05      379.089       12
   104       84  4.56696e-05  5.03531e-05      358.461        5
   105       84  4.24774e-05  4.69632e-05      334.329        3
   106       91  4.24284e-05  4.69033e-05      333.903        6
   107        1  3.11328e-07  3.44201e-07      2.45035        0
   108       99   4.4503e-05  4.92085e-05      350.313        9
   109       60  2.40257e-05  2.63674e-05      187.708        4
   110       93  4.33873e-05  4.79816e-05      341.579        2
   111       67  4.21337e-05  4.65866e-05      331.648        3
   112       74  2.54256e-05  2.45594e-05      174.838        8
   113        8  6.03165e-06   7.1101e-06      50.6166        3
   114       63  3.78859e-05  4.18729e-05      298.092        4
   115       75  4.03291e-05  4.45955e-05      317.474        5
   116       95  3.96563e-05  4.38457e-05      312.136        7
   117       71  3.73282e-05  4.12686e-05      293.789        4
   118      102  3.73883e-05  4.13393e-05      294.293        2
   119      102   3.3884e-05  3.72273e-05       265.02        8
   120       64   3.5369e-05  3.91103e-05      278.425        3
   121       79  3.51264e-05  3.88436e-05      276.526       11
   122       74  3.37048e-05   3.7274e-05      265.352        5
   123       72  3.47332e-05  3.84018e-05      273.381       11
   124      129  3.39343e-05  3.75232e-05      267.126        9
   125       68  2.46163e-05  2.60688e-05      185.583       15
   126       15  3.55859e-06  4.41798e-06      31.4515        5
   127       97  3.30747e-05   3.6569e-05      260.333        6
   128       67  3.23554e-05  3.57767e-05      254.693        6
   129       38  3.18722e-05  3.52462e-05      250.917        7
   130       42  2.13555e-05  2.36081e-05      168.065        3
   131       60  3.02469e-05  3.34504e-05      238.132        2
   132       62  2.96086e-05  3.27427e-05      233.094        7
   133       61  2.88748e-05  3.19273e-05      227.289        4
   134       52  2.77099e-05  3.06417e-05      218.137       11
   135       51   2.6196e-05  2.89665e-05      206.212        3
   136       57  2.50764e-05  2.77237e-05      197.364        6
   137       32  2.25878e-05   2.4975e-05      177.796        4
   138       45  2.47636e-05  2.73833e-05       194.94        3
   139        5  3.27944e-06  3.63452e-06       25.874        3
   140       16  9.16753e-06  1.00622e-05      71.6323        3
   141       50  2.36017e-05  2.60999e-05      185.805        6
   142       52  2.31289e-05  2.55794e-05      182.099        7
   143       19  8.04262e-06  8.67366e-06      61.7474        4
   144       51  2.11911e-05  2.34324e-05      166.814       11
   145       34  2.10916e-05   2.3321e-05      166.022        5
   146       42  2.06007e-05    2.278e-05       162.17        7
   147       42  1.59668e-05  1.73969e-05      123.848       10
   148       59  1.68202e-05  1.86268e-05      132.604        5
   149       43  1.94135e-05  2.14675e-05      152.826        8
   150       38  1.75826e-05   1.9441e-05        138.4        5
   151       35  1.73262e-05  1.91583e-05      136.387        9
   152       38  1.67151e-05  1.84846e-05      131.591        4
   153       24  1.54783e-05   1.7117e-05      121.855        5
   154       37  1.51889e-05  1.67924e-05      119.545        6
   155       30  1.50027e-05  1.65884e-05      118.092        8
   156       30   1.1738e-05  1.27124e-05       90.499        8
   157       34  1.46191e-05  1.61656e-05      115.082       12
   158       31  1.46072e-05  1.61525e-05      114.989        7
   159       38  1.45826e-05  1.61256e-05      114.798        7
   160       31  1.40084e-05  1.54904e-05      110.275        3
   161       30  1.32935e-05  1.47011e-05      104.657        5
   162       11  4.07919e-06  4.55087e-06      32.3975        3
   163        3  1.29834e-06  1.44701e-06      10.3012        2
   164       22  1.15848e-05  1.28115e-05      91.2045        3
   165       27  1.15186e-05  1.27353e-05      90.6619        9
   166       21  1.11226e-05  1.22987e-05      87.5541        7
   167       16  4.37169e-06  4.77289e-06       33.978        3
   168       14  1.00174e-05  1.10781e-05      78.8643        3
   169       66  9.79126e-06  1.08259e-05      77.0695       14
   170       24  9.41046e-06  1.04044e-05      74.0684        4
   171       15  8.85068e-06  9.78956e-06      69.6915        5
   172       15  6.90643e-06  7.63669e-06      54.3653        3
   173       19   8.7995e-06  9.72858e-06      69.2574        8
   174       29  8.78479e-06  9.71301e-06      69.1465        6
   175       14  8.71332e-06  9.63334e-06      68.5794        4
   176       30  8.56124e-06  9.46382e-06      67.3726        3
   177       22  8.44997e-06  9.34111e-06       66.499        5
   178       17   8.2896e-06  9.16455e-06      65.2421        5
   179       17  8.24619e-06  9.11836e-06      64.9133        4
   180       13  7.99203e-06  8.83702e-06      62.9104        4
   181       41  7.84494e-06  8.67509e-06      61.7577        7
   182       14   7.8258e-06  8.65327e-06      61.6023        8
   183       20  7.82399e-06  8.65109e-06      61.5868        6
   184       18  7.68469e-06  8.49839e-06      60.4997        6
   185       16  7.64243e-06  8.44875e-06      60.1463        5
   186       16  7.63658e-06  8.44395e-06      60.1122        5
   187       36  7.49373e-06  8.28715e-06      58.9959        8
   188       13  7.46997e-06  8.25962e-06      58.7999        4
   189       29  3.98798e-06  4.06461e-06      28.9358        3
   190       21   7.3728e-06  8.15359e-06      58.0451        5
   191       19  7.25888e-06  8.02841e-06      57.1539        2
   192       27  7.22578e-06  7.99194e-06      56.8943        5
   193       18  6.94781e-06  7.68052e-06      54.6773        5
   194       18  6.91202e-06  7.64551e-06      54.4281        6
   195       11  6.67634e-06  7.38358e-06      52.5634        5
   196       16  6.60983e-06  7.30813e-06      52.0263        3
   197       12  6.50932e-06  7.05047e-06       50.192        8
   198       11  6.50667e-06  7.19552e-06      51.2247        4
   199       13  6.29871e-06  6.96558e-06      49.5877        6
   200       15  6.23615e-06  6.89617e-06      49.0936        6
   201        9  6.21854e-06  6.87365e-06      48.9332        3
   202       10  4.94546e-06  5.46793e-06       38.926        3
   203       14  5.92387e-06  6.55147e-06      46.6397        5
   204       13  5.78166e-06  6.39571e-06      45.5308        5
   205       12  5.69277e-06  6.29725e-06      44.8299        4
   206       20  5.65244e-06  6.25349e-06      44.5184        5
   207        8  5.48705e-06  6.06833e-06      43.2002        3
   208       15  5.42035e-06  5.99558e-06      42.6823        3
   209       42  5.37715e-06  5.94658e-06      42.3335       18
   210        9  5.27185e-06  5.82946e-06      41.4997        5
   211       14  5.25625e-06  5.81243e-06      41.3785        7
   212       10  5.23352e-06  5.79053e-06      41.2226        6
   213       12  5.20713e-06  5.75984e-06      41.0041        3
   214       15  5.20202e-06  5.75219e-06      40.9496        3
   215        1  6.92419e-07  7.55898e-07      5.38121        1
   216        1  3.99314e-09   7.6987e-08     0.548067        2
   217       32  4.97822e-06   5.5047e-06      39.1877       14
   218        8  4.81345e-06  5.32205e-06      37.8874        4
   219        9  4.59441e-06    5.081e-06      36.1714        4
   220       12  4.55193e-06  5.03568e-06      35.8488        5
   221       20  4.50155e-06  4.97911e-06      35.4461       10
   222       35  4.48721e-06  4.96004e-06      35.3103        6
   223       13   4.4858e-06  4.96226e-06      35.3261        3
   224       11  4.31116e-06   4.7684e-06      33.9461        4
   225       13  4.28848e-06  4.74332e-06      33.7675        4
   226        7  4.20692e-06   4.6518e-06       33.116        5
   227       23  3.44218e-06  3.82993e-06      27.2652        6
   228        9  3.90726e-06  4.32048e-06      30.7573        4
   229       11   3.8326e-06  4.23758e-06      30.1672        7
   230       25  3.78143e-06  4.18084e-06      29.7633        3
   231        9  3.76718e-06  4.16593e-06      29.6571        5
   232       10  3.75877e-06  4.15752e-06      29.5972        6
   233       10  3.74993e-06  4.14624e-06      29.5169        6
   234        8  3.69655e-06  4.08703e-06      29.0954        4
   235       12  3.64843e-06  4.03615e-06      28.7332        4
   236        9  3.59119e-06  3.97287e-06      28.2827        9
   237        9  3.58318e-06  3.96269e-06      28.2102        3
   238       44   3.4601e-06  3.82757e-06      27.2483        7
   239       10  3.44934e-06  3.81369e-06      27.1495        4
   240        9  3.38065e-06  3.73812e-06      26.6116        4
   241       11  3.36437e-06   3.7219e-06      26.4961        5
   242        7  3.32999e-06  3.68427e-06      26.2282        4
   243        6  3.26451e-06  3.61104e-06      25.7069        5
   244       11  3.26436e-06  3.61022e-06       25.701        3
   245        8  3.24093e-06    3.585e-06      25.5215        2
   246        8  3.23896e-06  3.58288e-06      25.5064        6
   247        6   3.2187e-06   3.5598e-06      25.3421        4
   248       20  3.19242e-06  3.52878e-06      25.1213        6
   249        7  3.17959e-06  3.51499e-06      25.0231        4
   250        7   3.1348e-06  3.46694e-06       24.681        8
   251       11  3.08362e-06  3.40902e-06      24.2687        3
   252        6  3.05908e-06  3.38267e-06      24.0811        3
   253        5  3.03508e-06  3.35707e-06      23.8989        4
   254        5  2.95213e-06  3.26349e-06      23.2327        4
   255        6  2.86343e-06  3.16476e-06      22.5298        7
   256        7  2.81718e-06  3.11411e-06      22.1692        2
   257        6  2.77721e-06    3.073e-06      21.8766        5
   258       26   2.7517e-06  3.04302e-06      21.6631       11
   259        1   3.5267e-07  3.89489e-07      2.77276        2
   260        8  2.67512e-06  2.95893e-06      21.0645        5
   261        8  2.65444e-06  2.93754e-06      20.9123        6
   262        6  2.63204e-06  2.90884e-06      20.7079        3
   263       11  2.61024e-06  2.88615e-06      20.5464        4
   264        9  2.60294e-06  2.87844e-06      20.4915        4
   265        4  2.59806e-06  2.87566e-06      20.4717        3
   266       12  2.57351e-06  2.84757e-06      20.2718        6
   267       25  2.55817e-06  2.82922e-06      20.1411        5
   268        1  7.55258e-07  8.35162e-07      5.94549        2
   269       10  2.42704e-06  2.68545e-06      19.1176        5
   270        5  2.42269e-06  2.68058e-06       19.083        4
   271        4  2.41582e-06  2.67171e-06      19.0198        4
   272       15    2.408e-06  2.66338e-06      18.9605        5
   273        6  2.39917e-06  2.65378e-06      18.8922        4
   274        6  2.38411e-06  2.63646e-06      18.7689        3
   275        4  2.35034e-06   2.5998e-06      18.5079        3
   276        5  2.29779e-06  2.54132e-06      18.0916        4
   277        9  2.28777e-06  2.53022e-06      18.0126        4
   278        8  2.27335e-06  2.51282e-06      17.8887        5
   279        5  2.27307e-06  2.51412e-06      17.8979        2
   280        5  2.24912e-06  2.48841e-06      17.7149        5
   281        5  2.15417e-06  2.38091e-06      16.9496        2
   282       21  2.15417e-06  2.37983e-06      16.9419       11
   283       40  2.07051e-06  2.28804e-06      16.2885       10
   284        7   2.0641e-06  2.28125e-06      16.2402        4
   285        7  1.98164e-06  2.19054e-06      15.5944        6
   286        6  1.97707e-06  2.18733e-06      15.5715        4
   287        9  1.95638e-06  2.16488e-06      15.4117        7
   288        3  1.90256e-06  2.10388e-06      14.9774        5
   289        6  1.86779e-06  2.06545e-06      14.7038        5
   290        1   6.4875e-07  7.17217e-07      5.10584        2
   291        7  1.84466e-06  2.03833e-06      14.5108        8
   292        9   1.8282e-06  2.02319e-06       14.403        3
   293       10  1.80952e-06  2.00093e-06      14.2445        6
   294       11  1.79842e-06   1.9884e-06      14.1554        6
   295       31  1.79388e-06  1.98462e-06      14.1285        3
   296        3  8.38567e-07  9.26842e-07      6.59816        2
   297        6  1.77547e-06  1.96383e-06      13.9804        4
   298        8  1.76222e-06  1.94894e-06      13.8744        2
   299        4  1.75528e-06  1.93927e-06      13.8056        3
   300       11  1.75283e-06  1.93828e-06      13.7986        3
   301        4  1.73175e-06  1.91589e-06      13.6391        2
   302        6  1.71131e-06  1.89409e-06      13.4839        4
   303        9  1.64699e-06  1.81995e-06      12.9562        3
   304        7   1.6353e-06  1.80788e-06      12.8702        4
   305        2  1.63515e-06   1.8088e-06      12.8768        4
   306        8  1.60901e-06  1.77791e-06      12.6568        6
   307        4  1.60833e-06  1.78066e-06      12.6765        4
   308        4  1.58749e-06  1.75639e-06      12.5037        5
   309        3   1.5716e-06  1.73897e-06      12.3797        2
   310        3  1.55385e-06  1.71745e-06      12.2265        2
   311        2   1.5447e-06   1.7089e-06      12.1656        3
   312        4  1.54055e-06  1.70316e-06      12.1247        2
   313        8  1.53918e-06   1.7014e-06      12.1122        8
   314        3  1.52985e-06  1.69076e-06      12.0365        3
   315        1  2.74712e-07  3.03998e-07      2.16415        2
   316        7  1.45967e-06  1.61471e-06      11.4951        7
   317        3  1.45047e-06  1.60368e-06      11.4165        5
   318        5   1.4296e-06  1.58118e-06      11.2564        3
   319        4  1.42766e-06  1.57821e-06      11.2352        3
   320        6  1.38664e-06    1.533e-06      10.9134        4
   321        2  1.38621e-06  1.53179e-06      10.9047        3
   322        7  1.36514e-06  1.50939e-06      10.7453        2
   323        7  1.36435e-06  1.50808e-06      10.7359        3
   324        4  1.35417e-06  1.49627e-06      10.6519        2
   325        5  1.34032e-06  1.48121e-06      10.5447        3
   326        9  1.30287e-06  1.44122e-06        10.26        6
   327        4  1.20751e-06    1.335e-06      9.50383        5
   328        2  1.19928e-06  1.32675e-06      9.44506        3
   329        3  1.19431e-06  1.32026e-06      9.39889        5
   330        4  1.18713e-06  1.31213e-06      9.34104        5
   331        3  1.17825e-06  1.30128e-06      9.26375        5
   332        2  1.15619e-06   1.2784e-06      9.10088        2
   333        3  1.12821e-06  1.24605e-06       8.8706        4
   334        2  1.11535e-06  1.23302e-06      8.77782        4
   335        2  1.07187e-06  1.18553e-06      8.43973        2
   336        6  1.05353e-06  1.16645e-06      8.30389        3
   337        8  1.05322e-06  1.16451e-06      8.29011        6
   338       11   1.0511e-06  1.16169e-06      8.27004        4
   339        4  1.04518e-06   1.1549e-06      8.22166        3
   340        9  1.02367e-06  1.13293e-06      8.06528        8
   341        3  9.90782e-07  1.09474e-06       7.7934        4
   342       12  9.68018e-07  1.07018e-06      7.61856        7
   343        3  9.28877e-07  1.02716e-06      7.31233        3
   344        3  4.30526e-08  5.60556e-08     0.399057        2
   345        1  9.27026e-07    1.024e-06      7.28983        3
   346        5  9.26835e-07  1.02561e-06      7.30125        5
   347        4  9.10054e-07  1.00618e-06      7.16297        3
   348        2  9.00144e-07  9.95547e-07      7.08726        4
   349        5  8.95052e-07  9.89131e-07      7.04159        4
   350        4  8.81497e-07  9.75519e-07      6.94468        2
   351        1  8.53098e-08   9.3892e-08     0.668413        2
   352        3  8.61724e-07  9.52789e-07      6.78287        4
   353        6  8.26967e-07   9.1474e-07        6.512        3
   354        2  8.16355e-07  9.01717e-07      6.41929        4
   355       10  7.93574e-07  8.76465e-07      6.23952        7
   356        1   7.5901e-07   8.3902e-07      5.97295        3
   357        2  6.98704e-07  7.72634e-07      5.50035        2
   358       14  6.91893e-07  7.65544e-07      5.44988        4
   359        4  6.63038e-07   7.3291e-07      5.21756        6
   360        6  6.53725e-07   7.2229e-07      5.14196        7
   361        5  6.52402e-07  7.20517e-07      5.12934        4
   362        5  6.46573e-07   7.1549e-07      5.09354        3
   363        6   6.3529e-07  7.02433e-07      5.00059        6
   364        2  6.34281e-07  7.02681e-07      5.00236        4
   365        3  6.32773e-07  7.00309e-07      4.98547        2
   366        1  6.32542e-07  6.99976e-07       4.9831        3
   367        1  5.96194e-07  6.58872e-07      4.69049        3
   368        3  5.88656e-07  6.50298e-07      4.62945        3
   369        1  5.77761e-07  6.39025e-07      4.54919        3
   370        3  5.70118e-07  6.30218e-07       4.4865        4
   371        2  5.55677e-07  6.13659e-07      4.36861        4
   372        2  5.53485e-07  6.11647e-07      4.35429        4
   373        2  5.28693e-07  5.84908e-07      4.16394        3
   374        3  5.25936e-07  5.82376e-07      4.14591        5
   375        6  5.11102e-07  5.64694e-07      4.02004        4
   376        2   4.9093e-07  5.42928e-07      3.86508        4
   377        4  4.86144e-07  5.37325e-07       3.8252        5
   378        8  4.81162e-07  5.31835e-07      3.78611        6
   379        2  4.76449e-07  5.27275e-07      3.75365        2
   380        1  4.74622e-07  5.24948e-07      3.73708        3
   381        2  4.70429e-07  5.19581e-07      3.69887        4
   382        2  4.58682e-07  5.06705e-07      3.60721        4
   383        2  4.51573e-07  4.99216e-07       3.5539        4
   384        9  4.43538e-07  4.91011e-07      3.49549        5
   385        1  4.37882e-07  4.84462e-07      3.44887        3
   386        3  4.32938e-07  4.78258e-07       3.4047        4
   387        1  4.13468e-07  4.57373e-07      3.25602        3
   388        1  4.07189e-07   4.4968e-07      3.20126        3
   389        7  4.00879e-07   4.4334e-07      3.15612        2
   390        1  3.96542e-07  4.38398e-07      3.12094        2
   391        1  1.01188e-07  1.11871e-07     0.796406        0
   392        3  3.85776e-07   4.2597e-07      3.03246        3
   393       13  3.75452e-07  4.14997e-07      2.95435        8
   394        2  3.68086e-07  4.07634e-07      2.90193        2
   395        2  3.54796e-07  3.91826e-07       2.7894        4
   396       11  3.38789e-07  3.73379e-07      2.65807        6
   397        3  3.15919e-07  3.48831e-07      2.48332        5
   398        2  3.15635e-07  3.48705e-07      2.48242        3
   399        1  2.95636e-07  3.26518e-07      2.32447        3
   400        4  2.91697e-07  3.21538e-07      2.28902        3
   401       11  2.79746e-07  3.10506e-07      2.21048        9
   402        1  2.75665e-07  3.04483e-07      2.16761        3
   403        3  2.73916e-07  3.03261e-07       2.1589        4
   404       19  2.66662e-07  2.95019e-07      2.10023        8
   405        7  2.58752e-07  2.85378e-07       2.0316        7
   406        8  2.52545e-07  2.79241e-07       1.9879        6
   407        3  2.40358e-07  2.65611e-07      1.89087        4
   408        4  2.20161e-07  2.43459e-07      1.73317        4
   409        3  2.15154e-07  2.38219e-07      1.69587        5
   410        1  2.14934e-07  2.38002e-07      1.69432        3
   411        1  2.00183e-07  2.21232e-07      1.57494        3
   412       29  1.85873e-07  2.05529e-07      1.46315       10
   413        8  1.80011e-07  1.98694e-07       1.4145        4
   414        4  1.77367e-07   1.9677e-07       1.4008        4
   415        2  1.76383e-07  1.95324e-07      1.39051        4
   416       10  1.73485e-07  1.91875e-07      1.36595        8
   417        9  1.71669e-07  1.89798e-07      1.35117        5
   418        3  1.69108e-07  1.86272e-07      1.32607        4
   419        1  1.64696e-07   1.8176e-07      1.29394        3
   420        1  1.64243e-07  1.81152e-07      1.28961        3
   421        2    1.623e-07   1.7923e-07      1.27593        4
   422        3  1.60837e-07  1.78601e-07      1.27145        5
   423        1  1.58552e-07  1.75291e-07      1.24789        3
   424        2  1.45544e-07  1.60418e-07      1.14201        4
   425        1   1.4493e-07  1.60216e-07      1.14057        3
   426        1  1.41384e-07  1.56231e-07       1.1122        3
   427        1  1.39581e-07  1.53966e-07      1.09608        3
   428        3  1.38867e-07   1.5282e-07      1.08792        5
   429        7  1.38506e-07  1.52572e-07      1.08616        3
   430        4  1.35583e-07   1.4988e-07      1.06699        2
   431        1  1.31964e-07  1.45734e-07      1.03748        2
   432        1  1.25098e-07  1.38757e-07     0.987807        3
   433        4  1.22823e-07  1.35878e-07     0.967309        4
   434        4  1.15007e-07  1.26529e-07     0.900757        5
   435        4  1.07241e-07  1.18919e-07      0.84658        4
   436        2  1.02477e-07  1.13284e-07     0.806466        4
   437        1   1.0014e-07  1.10777e-07     0.788617        3
   438        1   9.4151e-08  1.03598e-07     0.737508        3
   439        4  9.34234e-08  1.03375e-07     0.735922        6
   440        1  9.33044e-08  1.02515e-07     0.729803        3
   441        3  8.76601e-08  9.71656e-08     0.691718        5
   442        1  8.73705e-08   9.6755e-08     0.688795        3
   443        3  8.70688e-08  9.60775e-08     0.683972        4
   444        2  8.55271e-08  9.46096e-08     0.673522        4
   445        1  8.27736e-08  9.12707e-08     0.649753        3
   446        1  7.52491e-08  8.31815e-08     0.592166        3
   447        1   7.4659e-08  8.25954e-08     0.587994        3
   448        4  7.40994e-08  8.21572e-08     0.584874        4
   449        2  6.95303e-08  7.68914e-08     0.547387        4
   450        1  6.93091e-08  7.68165e-08     0.546854        3
   451        1  6.90007e-08  7.65231e-08     0.544765        3
   452        2  6.55452e-08  7.27177e-08     0.517675        3
   453        1  6.28661e-08  6.94634e-08     0.494507        3
   454        1  6.23547e-08  6.89441e-08      0.49081        3
   455        1  5.64471e-08  6.25698e-08     0.445432        3
   456        1  5.63465e-08  6.21034e-08     0.442112        3
   457        3  5.39856e-08  5.91905e-08     0.421375        3
   458        2  5.16517e-08  5.73146e-08      0.40802        3
   459        5  5.13366e-08  5.66367e-08     0.403195        6
   460        3  4.92627e-08  5.41085e-08     0.385196        3
   461        8  4.68914e-08  5.20372e-08     0.370451        4
   462        1  4.59735e-08   5.0763e-08      0.36138        3
   463       16  4.19964e-08  4.60789e-08     0.328034        5
   464        2  4.10862e-08    4.539e-08      0.32313        3
   465        3  3.98004e-08  4.38601e-08     0.312239        4
   466        1  3.81927e-08  4.24095e-08     0.301912        3
   467        3  3.76228e-08    4.095e-08     0.291522        4
   468        1  3.26108e-08  3.59346e-08     0.255817        3
   469        2  3.24265e-08   3.5675e-08     0.253969        4
   470        1  3.23914e-08  3.56704e-08     0.253936        3
   471        3  2.92965e-08  3.26245e-08     0.232253        4
   472        4  2.57192e-08  2.82424e-08     0.201057        4
   473        3  2.45846e-08  2.72169e-08     0.193756        4
   474        3  2.35601e-08  2.60204e-08     0.185238        5
   475        1  2.24805e-08  2.49291e-08     0.177469        3
   476        1   2.2202e-08  2.46606e-08     0.175558        3
   477        2  2.13778e-08   2.3798e-08     0.169417        4
   478        1  2.13131e-08  2.33957e-08     0.166553        3
   479        3  2.09263e-08  2.32571e-08     0.165566        3
   480        1  1.84542e-08   2.0301e-08     0.144522        3
   481        3  1.69024e-08  1.86979e-08      0.13311        5
   482        3  1.58603e-08  1.74183e-08        0.124        2
   483        6  1.52021e-08  1.66795e-08     0.118741        6
   484        1  1.50339e-08  1.66677e-08     0.118657        3
   485        1  1.29754e-08  1.43877e-08     0.102425        3
   486        4  1.22583e-08   1.3366e-08    0.0951519        3
   487        1  1.21108e-08  1.34179e-08    0.0955213        3
   488        4  1.20193e-08  1.34134e-08    0.0954898        4
   489        1  1.19847e-08  1.29399e-08    0.0921186        3
   490        1  1.07932e-08  1.20276e-08    0.0856237        3
   491        1  9.43174e-09  1.06797e-08    0.0760285        3
   492        3  8.83404e-09  9.81554e-09    0.0698765        3
   493        2  8.82884e-09  9.94511e-09    0.0707989        3
   494        1  8.71687e-09  9.67219e-09     0.068856        3
   495        1  8.20162e-09  9.10525e-09      0.06482        3
   496        1  7.60007e-09  8.38872e-09     0.059719        3
   497        1  7.36631e-09  8.06283e-09     0.057399        3
   498        2  7.21488e-09  8.06854e-09    0.0574396        3
   499        1  7.14293e-09  7.92668e-09    0.0564297        3
   500        1   6.3064e-09  7.07283e-09    0.0503512        3
   501        2  5.87751e-09  6.62251e-09    0.0471454        4
   502        1  5.76913e-09  6.44546e-09     0.045885        2
   503        1  4.97593e-09  5.49433e-09     0.039114        3
   504        1  4.80993e-09  5.36556e-09    0.0381973        3
   505        1  4.78625e-09   5.2944e-09    0.0376906        3
   506        2  4.61618e-09  5.14121e-09       0.0366        4
   507        1  4.44351e-09  4.75164e-09    0.0338267        3
   508        2  4.39198e-09  4.82258e-09    0.0343317        4
   509        1  4.35292e-09  4.63202e-09    0.0329752        3
   510        6  4.30573e-09  4.82174e-09    0.0343258        4
   511        1  4.25895e-09  4.73004e-09    0.0336729        3
   512        1  4.13105e-09  4.72875e-09    0.0336638        3
   513       10  4.06448e-09  4.44145e-09    0.0316185        3
   514        1  4.02825e-09  4.52425e-09     0.032208        3
   515        2  3.99425e-09  4.51804e-09    0.0321637        4
   516        1  3.76972e-09  4.11492e-09    0.0292939        3
   517        1  3.73894e-09  4.13403e-09      0.02943        3
   518        1  2.98068e-09  3.29179e-09    0.0234341        3
   519       16  2.97935e-09  3.25462e-09    0.0231695        4
   520        1  2.72612e-09  2.96071e-09    0.0210772        3
   521        3  2.65952e-09  3.06488e-09    0.0218187        5
   522        2  2.49361e-09  2.78046e-09     0.019794        3
   523        1  2.43971e-09  2.79099e-09     0.019869        3
   524        1  2.24756e-09  2.54166e-09     0.018094        3
   525        1  2.19514e-09   2.5083e-09    0.0178565        3
   526        1  1.97493e-09   2.2282e-09    0.0158625        3
   527        1  1.91013e-09  2.08366e-09    0.0148335        2
   528        3  1.89893e-09  2.09538e-09    0.0149169        4
   529        2  1.58356e-09  1.77208e-09    0.0126154        4
   530        3  1.49203e-09  1.65497e-09    0.0117817        3
   531        1   1.3952e-09  1.53164e-09    0.0109037        3
   532        1  1.35164e-09  1.56175e-09     0.011118        3
   533        1  1.24347e-09  1.37358e-09   0.00977849        3
   534        1  1.22783e-09  1.36874e-09     0.009744        3
   535        1  1.21434e-09  1.36062e-09   0.00968622        3
   536        1  1.21021e-09  1.34447e-09   0.00957125        3
   537        1  1.16645e-09  1.33471e-09   0.00950172        3
   538        2   9.7098e-10   1.1242e-09    0.0080031        2
   539        1  8.38157e-10  9.12068e-10   0.00649298        3
   540        1  7.90272e-10  8.48293e-10   0.00603897        3
   541        2  7.69004e-10  7.84067e-10   0.00558175        4
   542        1  7.48397e-10  7.71743e-10   0.00549401        3
   543        2  7.44871e-10  8.71933e-10   0.00620726        2
   544        4  6.53247e-10  8.48317e-10   0.00603914        3
   545        1  6.07216e-10   6.9775e-10   0.00496726        3
   546        1  5.74593e-10  6.78892e-10   0.00483301        3
   547        2  4.47305e-10  5.59663e-10   0.00398422        4
   548        1  3.31219e-10  3.88222e-10   0.00276374        3
   549        3  2.50851e-10  2.93243e-10   0.00208758        4
   550        1    2.467e-10  2.77286e-10   0.00197399        3
   551        1  2.45369e-10  2.77286e-10   0.00197399        3
   552        1  2.33996e-10  2.16464e-10     0.001541        3
   553        3  2.33471e-10  2.86223e-10   0.00203761        5
   554        1  2.31799e-10  2.65489e-10      0.00189        3
   555        4  2.06876e-10  2.39172e-10   0.00170266        2
   556        1  1.91949e-10  2.47051e-10   0.00175874        3
   557        1  1.78652e-10  1.88229e-10   0.00133999        3
   558        2  1.59555e-10  2.01525e-10   0.00143465        4
   559        1  1.59444e-10  1.79485e-10   0.00127774        3
   560        1  1.44878e-10  1.69406e-10   0.00120599        3
   561        1  8.46681e-11  9.88197e-11  0.000703494        3
   562        1  7.92914e-11  6.35275e-11   0.00045225        3
   563        1  6.51072e-11  5.88217e-11  0.000418749        3
   564        1  5.44425e-11  7.76453e-11  0.000552754        3
   565        1  5.08586e-11  7.76437e-11  0.000552743        3
   566        1  4.55758e-11  4.94101e-11  0.000351749        3
   567        1  4.54514e-11  4.94101e-11  0.000351749        3
   568        1  4.11691e-11  4.70567e-11  0.000334995        3
   569        1  3.53101e-11   4.2352e-11  0.000301502        3
   570        1  3.04393e-11  3.76451e-11  0.000267994        3
   571        1   2.8986e-11  1.99993e-11  0.000142374        3
   572        1  2.73169e-11  1.88226e-11  0.000133997        3
   573        1  2.52462e-11  1.76464e-11  0.000125624        2
   574        1  2.22345e-11  3.29393e-11  0.000234494        3
   575        1  2.07212e-11  3.31852e-11  0.000236244        3
   576        1  1.94935e-11  3.29393e-11  0.000234494        3
   577        1  1.49143e-11  1.41168e-11  0.000100497        3
   578        1   1.4684e-11  1.42221e-11  0.000101247        3
   579        1  1.42846e-11  1.29412e-11  9.21277e-05        3
   580        1  1.40142e-11  1.29412e-11  9.21277e-05        3
   581        1  1.26833e-11  1.29406e-11  9.21238e-05        3
   582        1  1.20478e-11  1.17644e-11  8.37506e-05        3
   583        1  1.04222e-11  1.17639e-11  8.37467e-05        3
   584        1  9.30556e-12            0            0        2
   585        3  9.28328e-12  1.17743e-11   8.3821e-05        4
   586        1  8.98551e-12  1.05877e-11  7.53736e-05        3
   587        1  8.52785e-12  1.05877e-11  7.53736e-05        3
   588        1   7.4274e-12  1.05877e-11  7.53736e-05        3
   589        1  7.41692e-12  1.06673e-11    7.594e-05        3
   590        1   6.3417e-12  8.23539e-12  5.86274e-05        3
   591        1  6.14807e-12  9.48124e-12  6.74966e-05        3
   592        1  5.38845e-12            0            0        3
   593        1  4.81604e-12            0            0        3
   594        1  4.11631e-12            0            0        3
   595        1  3.52397e-12  7.05867e-12  5.02504e-05        3
   596        1  3.49439e-12  7.05867e-12  5.02504e-05        3
   597        1  3.31306e-12  7.05812e-12  5.02465e-05        3
   598        1  2.89132e-12  7.08501e-12  5.04379e-05        3
   599        1  2.69695e-12   5.9039e-12  4.20296e-05        3
   600        1  2.68358e-12   5.9039e-12  4.20296e-05        3
   601        1  2.41745e-12            0            0        3
   602        1  1.90735e-12            0            0        3
   603        1  1.13867e-12            0            0        3
   604        1  9.33007e-13            0            0        3
   605        1  5.77658e-13            0            0        3
   606        1  4.60093e-13  2.35673e-12  1.67775e-05        3
   607        1   4.2461e-13  2.35728e-12  1.67814e-05        3
   608        1   2.3617e-13            0            0        3
   609   126086      0.10459            0            0        0
