Model info
==========
Mesh file: AAP-AM-5126.obj (VN 364346, FN 728684)
Texture files:
  AAP-AM-5126.bmp

Parameterization info
=====================
Number of charts: 175
    ID    faces      perc_3D      perc_UV   resolution    n_adj
     0     5581   0.00628655   0.00676693      11503.2        4
     1     7749    0.0095316   0.00807005      13718.4        4
     2     3219   0.00369437    0.0039891      6781.13        7
     3     8884     0.011159   0.00973473      16548.2        7
     4    12242    0.0139248    0.0134156      22805.4        6
     5     1063   0.00111976   0.00120575      2049.67        5
     6     1182   0.00136248   0.00125313      2130.21        4
     7     2991    0.0031205   0.00342347      5819.61        9
     8      122  0.000157911  0.000176012      299.206        3
     9    11971    0.0126336    0.0113881      19358.8        5
    10     2482   0.00377135    0.0041037      6975.95        6
    11      190  0.000279586  0.000303711      516.284        3
    12       65  9.78974e-05  0.000111081      188.828        3
    13     1026   0.00123091   0.00134109      2279.74        8
    14        3  4.98161e-13            0            0        4
    15        1  6.93786e-15            0            0        3
    16       73  7.70473e-05   8.4409e-05      143.488        4
    17      334  0.000433946  0.000460895      783.483        4
    18     5126   0.00783124   0.00762033      12953.9        9
    19    10659    0.0135268    0.0119614      20333.4       11
    20    13617    0.0203604    0.0179369      30491.2        6
    21    10441    0.0189857    0.0198849      33802.6        5
    22    14205    0.0177391    0.0171468        29148        5
    23    18081    0.0232192    0.0203461      34586.6        7
    24    31282    0.0489165    0.0492338      83693.2       10
    25    10162     0.011945    0.0118395      20126.2        8
    26    12228    0.0140941    0.0133184      22640.2        7
    27    11878    0.0191486    0.0211559      35963.3        6
    28     1298   0.00216103   0.00240589      4089.81        4
    29      547   0.00086641  0.000859214      1460.59        3
    30     9282     0.013512    0.0147396      25056.1        6
    31      755  0.000943171   0.00102262      1738.36        2
    32       25  4.65771e-05  5.22375e-05      88.7993        1
    33     5343    0.0080509   0.00875961      14890.6        6
    34     8985    0.0150237    0.0146995      24987.9        5
    35     7369    0.0148619    0.0156996        26688        5
    36     6527    0.0123677    0.0131413      22339.1        7
    37     1078   0.00139519   0.00140136       2382.2        5
    38     3831   0.00671396   0.00687621        11689        6
    39     3045   0.00399545   0.00349265      5937.21        8
    40     2100   0.00337758   0.00380789       6473.1        4
    41    10647    0.0188001    0.0210844      35841.7        6
    42     1797   0.00293669   0.00281818      4790.67        8
    43     1288   0.00179662   0.00118318       2011.3        3
    44    10339    0.0181187    0.0201471      34248.4        4
    45     3127   0.00487243   0.00551521      9375.39        8
    46     4558   0.00731961   0.00734467      12485.3        7
    47     2057   0.00379964   0.00410456       6977.4        5
    48     3428    0.0049878   0.00463562      7880.16        8
    49     2328   0.00354339   0.00402185      6836.81        5
    50      261  0.000378742  0.000428159      727.833        4
    51     2605   0.00412229   0.00449442      7640.13        7
    52     4683   0.00764836    0.0086357        14680        6
    53     1725   0.00237533   0.00254428      4325.06        4
    54    34138    0.0455999    0.0438542      74548.4       14
    55     1418   0.00162698      0.00182      3093.84        5
    56      711   0.00108917   0.00111965      1903.32        8
    57      138  0.000157567  0.000178911      304.133        4
    58     1563    0.0018412   0.00139442      2370.39        8
    59      320  0.000331561  0.000375528      638.365        4
    60     2539   0.00426273   0.00398346      6771.54        6
    61     1969   0.00225394   0.00185623      3155.43        8
    62      970   0.00154944   0.00160674      2731.32        6
    63      602   0.00101638   0.00115655      1966.03        7
    64        2  3.36993e-06  3.79433e-06      6.45004        2
    65       13   1.7891e-05  3.51345e-06      5.97256        4
    66       41  7.22827e-05  7.90798e-05      134.429        3
    67        2  3.28737e-06  3.72051e-06      6.32455        2
    68      150  0.000231069  0.000262156      445.643        3
    69     2532   0.00406402   0.00413639      7031.51        5
    70     5825   0.00941503    0.0102826      17479.5        8
    71       42  9.38999e-05  0.000105267      178.945        4
    72      476  0.000881007  0.000955922      1624.99        7
    73      692  0.000685764  0.000732125      1244.55        5
    74      370   0.00040906  0.000330511      561.841        5
    75       14  1.80609e-05  5.10064e-06      8.67066        3
    76     1055    0.0019949   0.00211145      3589.29        9
    77      717  0.000801897  0.000848432      1442.26        4
    78     1295   0.00283467   0.00311675      5298.21        6
    79     6634   0.00772138   0.00689133      11714.7        8
    80     4869   0.00631557   0.00544788      9260.93        4
    81    22221    0.0288838    0.0237316      40341.6        7
    82    20471    0.0287427    0.0227771      38719.2       14
    83        9  1.52782e-05  3.70565e-06      6.29929        3
    84     5048   0.00619475    0.0053396      9076.88        5
    85     4583   0.00527217   0.00458066      7786.74        4
    86     5699   0.00968292    0.0108726      18482.5        6
    87      296   0.00047755  0.000475106       807.64        7
    88      357  0.000292784  0.000327883      557.373        4
    89       33  7.05866e-05  7.94706e-05      135.093        3
    90      411  0.000300146   0.00032832      558.116        4
    91       69  0.000204684  3.59613e-05      61.1312        4
    92      592  0.000579168  0.000625131      1062.67        5
    93      530  0.000853552  0.000949384      1613.87        6
    94     1951   0.00253851   0.00180512      3068.55        8
    95     2684   0.00346772   0.00387236      6582.69        5
    96     5801   0.00760126   0.00742348      12619.3        9
    97     2916   0.00447139   0.00496091      8433.12        8
    98      816   0.00108816   0.00120841      2054.19        4
    99     1063   0.00118194   0.00123512      2099.59        4
   100     1148    0.0022744   0.00258104      4387.54        5
   101       23  3.14152e-05  3.55909e-05      60.5016        3
   102    13623     0.018215    0.0167178      28418.8        6
   103     7506   0.00889904   0.00865047      14705.1        6
   104     9949    0.0179027     0.019959      33928.6        6
   105     3937   0.00605777   0.00682457      11601.2        4
   106     9419    0.0177165    0.0199943      33988.6        8
   107     4438   0.00736089    0.0082896      14091.6        4
   108    17649    0.0275836    0.0309045      52535.1        8
   109    12149    0.0132994    0.0106068      18030.7        8
   110     7492   0.00811187   0.00766219      13025.1        4
   111     7859    0.0107481    0.0107173      18218.5        8
   112     2707   0.00449319   0.00504316      8572.95        5
   113     2233   0.00261385   0.00284115      4829.71        7
   114     1529   0.00170382   0.00179864      3057.54        5
   115       16  3.47407e-05    3.697e-05      62.8459        3
   116      582    0.0006715  0.000642239      1091.75        5
   117      392  0.000500731  0.000565909      961.998        4
   118    13775    0.0174326    0.0170635      29006.6        8
   119     2118   0.00292922   0.00327737      5571.25        7
   120       69  0.000105418  0.000118294      201.089        3
   121     3289   0.00469876   0.00501445      8524.14        7
   122     4613   0.00425674   0.00402705      6845.65        4
   123     4710   0.00577527   0.00554567      9427.17        4
   124     8747     0.010291    0.0101827      17309.8        8
   125    16502    0.0222277    0.0247528      42077.7        6
   126     9775     0.014316    0.0161544      27461.2        9
   127     2640   0.00327004   0.00372477       6331.8        5
   128      242  0.000308447  0.000351222      597.048        6
   129       85  0.000113932  0.000127512       216.76        4
   130       76  9.94907e-05  0.000101951      173.307        6
   131       47  5.41365e-05  6.00586e-05      102.094        7
   132       46  5.77054e-05  5.50332e-05      93.5518        5
   133        8  1.17496e-05   1.3191e-05      22.4235        4
   134        6  1.18725e-06  1.24402e-06      2.11473        6
   135        1  3.04067e-07   3.4629e-07     0.588664        3
   136        3  2.55007e-08  1.18741e-08    0.0201849        2
   137      763   0.00089248  0.000978006      1662.53        9
   138     1281   0.00161806   0.00172559      2933.35       10
   139    17272    0.0203925     0.021969      37345.5        9
   140    14124    0.0158931    0.0175915      29904.1        5
   141     8221   0.00978514    0.0100433      17072.8        4
   142    14927    0.0154339    0.0123958      21071.9        6
   143     3136   0.00421587   0.00461977      7853.23        5
   144     9259    0.0107973   0.00953017      16200.5        6
   145     7435   0.00819197   0.00815553      13863.7        3
   146    10616    0.0154923     0.017243      29311.6        7
   147    10651    0.0137878    0.0138479      23540.3        7
   148     5876   0.00693226   0.00757719      12880.6        5
   149     9897    0.0100105   0.00939159      15964.9        4
   150     4077   0.00509753   0.00546145         9284        5
   151     1117   0.00128072   0.00145018      2465.18        3
   152        4  6.55368e-13            0            0        3
   153        2  3.36315e-13 -1.26666e-12 -2.15322e-06        2
   154        2  3.50078e-13            0            0        4
   155        1  6.93786e-15            0            0        2
   156        2  2.57609e-14            0            0        3
   157       35  6.06626e-05  1.59563e-05      27.1243        2
   158        3  6.82292e-06  7.77662e-06      13.2196        2
   159        1   6.6147e-07  7.56807e-07      1.28651        3
   160        2  5.26167e-06  5.81585e-06      9.88645        2
   161        3  6.63126e-06  7.57473e-06      12.8764        3
   162        4  4.03115e-06  4.29264e-06      7.29713        2
   163        8  1.10178e-05  1.18626e-05      20.1654        6
   164        2  1.92241e-06  2.18984e-06      3.72255        4
   165        1  1.21553e-06  1.37879e-06      2.34382        3
   166        8  1.65775e-05  1.61419e-05      27.4399        6
   167        4  6.55105e-06  6.83785e-06      11.6238        3
   168        2   7.3685e-07  8.29597e-07      1.41024        4
   169        7  1.18706e-05  1.33335e-05      22.6659        5
   170        1   1.1162e-06  1.27525e-06      2.16781        3
   171        1  7.04116e-09  7.54219e-09    0.0128211        2
   172        1  8.18145e-14            0            0        3
   173        2  1.92837e-13            0            0        4
   174        1  6.05016e-07  6.90147e-07      1.17319        2
